OrbitalSpeed;SurfaceSpeed;TerminalVelocity;Altitude;Mass;Thrust;SpecificImpulse;SurfaceGravity;AerodynamicForce
174.9662409603983;0.0031458610853353623;254.70431518554688;82.15039020217955;49758.08984375;0.0;0.0;9.81335163116455;3.085453413717199e-05
174.9662385169202;0.0031225852937911405;240.3075408935547;82.15039020217955;49758.08984375;0.0;0.0;9.81335163116455;3.1772800303791784e-05
174.9662483921956;0.0031311369933398887;274.5316162109375;82.15039054455701;49758.08984375;0.0;0.0;9.81335163116455;3.110457650678724e-05
174.96624829310585;0.003130668255495033;238.06027221679688;82.15039054455701;49758.08984375;0.0;0.0;9.81335163116455;3.175207314098396e-05
174.9662408722313;0.003121638124822908;242.5651397705078;82.15039020217955;49758.08984375;0.0;0.0;9.81335163116455;3.1028948788059486e-05
174.9662368943884;0.0031312029643540936;327.30078125;82.15039054455701;49758.08984375;0.0;0.0;9.81335163116455;3.1305435816250085e-05
174.9662380317819;0.003119411363717187;226.67266845703125;82.15039020217955;49758.08984375;0.0;0.0;9.81335163116455;3.080514447135335e-05
174.96624542128356;0.0031386390820140452;254.4830780029297;82.1503905437421;49758.08984375;0.0;0.0;9.81335163116455;3.210389168257318e-05
174.9662437614921;0.003112284450773434;272.2579345703125;82.15038987027947;49758.08984375;0.0;0.0;9.81335163116455;3.15266844237091e-05
174.96625216233394;0.0031340015127179753;234.5662384033203;82.15039053396322;49758.08984375;0.0;0.0;9.81335163116455;3.2047666689952634e-05
174.96625026329735;0.0031186785714526397;253.0687713623047;82.15039020217955;49758.08984375;0.0;0.0;9.81335163116455;3.1016241552927186e-05
174.96625073080952;0.0031190549396103995;242.61158752441406;82.15039054455701;49758.08984375;0.0;0.0;9.81335163116455;3.148361453045091e-05
174.96624893756524;0.0031363383726806544;231.9140625;82.15039087564219;49758.08984375;0.0;0.0;9.81335163116455;3.136571775929328e-05
174.96624537976825;0.003114775699487622;231.08030700683594;82.1503905437421;49758.08984375;0.0;0.0;9.81335163116455;3.168219894933448e-05
174.96624370450442;0.0031182177957017414;293.2916259765625;82.1503908764571;49758.08984375;0.0;0.0;9.81335163116455;3.1079605155692814e-05
174.96624996466662;0.0031251387316569646;245.42564392089844;82.15039054455701;49758.08984375;0.0;0.0;9.81335163116455;3.21486966539472e-05
174.96639445690823;0.03734816065806642;248.24290466308594;82.17911838786677;49698.8828125;1380684.0;285.34136962890625;9.81335163116455;0.12412853940391096
175.00005989628715;3.652188031043993;657.6679077148438;82.60195523523726;49195.6015625;1380689.75;285.342529296875;9.81335163116455;12.549550409488779
176.3747640663149;22.475577995046727;654.259765625;96.09904843184631;48692.3203125;1380961.25;285.398681640625;9.81335163116455;545.1401920440868
179.7830024478552;41.58894303566121;652.2911987304688;128.94707741448656;48189.04296875;1381642.5;285.5394287109375;9.81335163116455;1886.3966254400505
185.2006761927322;60.99027405295557;650.570556640625;181.44080263609067;47685.76171875;1382730.125;285.76422119140625;9.81335163116455;4057.779383944052
192.5445802540853;80.67722609314025;650.6254272460938;253.87270133569837;47182.48046875;1384216.5;286.0714111328125;9.81335163116455;7042.9408703873605
201.68765120352944;100.64792160723572;652.2431030273438;346.5330010277685;46679.20703125;1386088.75;286.4583435058594;9.81335163116455;10773.832929749511
212.4792730949518;120.90537962336622;654.7227172851562;459.71188684366643;46175.92578125;1388328.75;286.9212646484375;9.81335163116455;14793.491126466573
224.76736071968477;141.4623100807158;658.6112670898438;593.7078166464344;45672.64453125;1390914.375;287.4556579589844;9.81335163116455;18790.378613755704
238.40886383318025;162.3348221406325;664.5693969726562;748.8343696738593;45169.3671875;1393820.375;288.0562438964844;9.81335163116455;22741.466151531695
253.2734729289662;183.5356906272642;672.3447875976562;925.4208233933896;44666.08984375;1397018.5;288.7171630859375;9.81335163116455;26939.850776848267
269.23875292708817;205.0681597609278;682.0742797851562;1123.8047908752924;44162.80859375;1400478.0;289.43212890625;9.81335163116455;31860.522371538053
286.1924110478264;226.9297201446198;694.196044921875;1344.3226209058193;43659.53125;1404167.0;290.1944885253906;9.81335163116455;37231.01683704735
304.04985989715584;249.13070014476688;708.8533935546875;1587.3143713689642;43156.25;1408052.5;290.99749755859375;9.81335163116455;42540.945583993685
322.7468036246995;271.6875363597747;726.5304565429688;1853.1344606438652;42652.96875;1412101.5;291.8343200683594;9.81335163116455;47606.13294168963
342.2333979509716;294.6209485100368;748.0247802734375;2142.155670337379;42149.6953125;1416282.25;292.6983337402344;9.81335163116455;52194.119439151145
362.4937890179151;317.9795688866753;780.3198852539062;2454.785562018631;41646.4140625;1420563.875;293.58319091796875;9.81335163116455;55204.88049219366
383.50909339991915;341.79112298857416;824.2489013671875;2791.4714632119285;41143.1328125;1424917.625;294.48297119140625;9.81335163116455;56467.595023968875
405.29957479860536;366.1170409522987;864.6521606445312;3152.7120890733786;40639.85546875;1429316.25;295.39202880859375;9.81335163116455;58138.2431053049
427.7840993566904;390.9020983913987;882.224365234375;3539.0092266976135;40136.578125;1433734.25;296.3050842285156;9.81335163116455;62836.68328110425
450.93418097126334;416.1476144985015;910.3112182617188;3950.8214136509923;39633.29296875;1438147.25;297.21710205078125;9.81335163116455;65990.18903189228
474.7788924592122;441.91074370360315;949.8013916015625;4388.647782551823;39130.015625;1442532.25;298.1233215332031;9.81335163116455;67404.11790522838
499.35354302438543;468.24960539509055;1001.41455078125;4853.046378853731;38626.734375;1446868.0;299.0194091796875;9.81335163116455;67098.69616851027
524.698647780834;495.22462188155373;1067.8170166015625;5344.635527362581;38123.45703125;1451135.0;299.9012451171875;9.81335163116455;65026.221844321
550.8573740598043;522.8955869277223;1150.60400390625;5864.095670912182;37620.1796875;1455314.25;300.76495361328125;9.81335163116455;61480.797255120866
577.8650391762177;551.3111052492692;1248.7989501953125;6412.163223573589;37116.8984375;1459387.75;301.6067810058594;9.81335163116455;57102.79461629633
605.7383961416186;580.4981792138124;1354.7210693359375;6989.6139331382;36613.62109375;1463337.25;302.42303466796875;9.81335163116455;52924.81817838958
634.4625691046596;610.4493136539053;1447.68017578125;7597.234300145297;36110.33984375;1467145.125;303.2099914550781;9.81335163116455;50403.68036524727
663.988946355155;641.1211247162763;1516.6781005859375;8235.781899882364;35607.0625;1470793.25;303.96392822265625;9.81335163116455;49799.30813490652
694.3109414351818;672.5135600716969;1595.164794921875;8905.98582988279;35103.78125;1474263.25;304.68109130859375;9.81335163116455;48689.4080250743
725.4673119749301;704.6733378768522;1699.62158203125;9608.603120031767;34600.5;1477493.5;305.3486633300781;9.81335163116455;46274.70330748657
757.4860288532049;737.6353206592489;1816.2108154296875;10344.437456806889;34097.22265625;1480445.0;305.9586181640625;9.81335163116455;43735.22386080138
790.3650227695122;771.4021398876484;1945.81884765625;11114.311465931009;33593.9453125;1483123.25;306.51214599609375;9.81335163116455;42218.20291504682
824.088792650264;805.9617742462251;2090.11376953125;11919.038271666155;33090.6640625;1485536.25;307.0108337402344;9.81335163116455;41250.323851550136
858.6663650969195;841.327256386697;2251.923828125;12759.431020495947;32587.384765625;1487692.75;307.4565124511719;9.81335163116455;40023.14511620649
894.127285872702;877.5325066538486;2434.294189453125;13636.32780855184;32084.10546875;1489604.5;307.8515930175781;9.81335163116455;38076.669589029574
930.5129782256369;914.6230067130507;2640.925048828125;14550.608057489619;31580.826171875;1491288.25;308.1995544433594;9.81335163116455;35258.18375634122
967.868032356518;952.6468484897035;2875.122802734375;15503.199815885397;31077.546875;1492753.75;308.50244140625;9.81335163116455;31757.279260950858
1006.2242209318009;991.6386341242586;3144.399658203125;16495.074623196037;30574.267578125;1494015.875;308.7632751464844;9.81335163116455;28212.70931883875
1045.6039346226987;1031.623061207835;3456.09716796875;17527.232591130072;30070.98828125;1495097.625;308.9868469238281;9.81335163116455;24776.0574361305
1086.0260582603623;1072.6209956576563;3810.4765625;18600.6971390415;29567.708984375;1496014.125;309.17626953125;9.81335163116455;21590.713269769352
1127.5084225525234;1114.6520364516182;4210.77685546875;19716.51203288953;29064.4296875;1496778.5;309.334228515625;9.81335163116455;18701.45318765205
1170.0698434536218;1157.736644553314;4663.720703125;20875.741300322697;28561.150390625;1497411.125;309.4649658203125;9.81335163116455;16101.829593262812
1213.732536747821;1201.8985703536769;5186.4140625;22079.47133791959;28057.87109375;1497938.375;309.5739440917969;9.81335163116455;13731.796180322188
1258.5220094656734;1247.1647831956614;5791.015625;23328.814703817945;27554.591796875;1498373.25;309.663818359375;9.81335163116455;11600.300374169172
1304.4644836322002;1293.56286085681;6481.0380859375;24624.911844342947;27051.3125;1498723.75;309.7362365722656;9.81335163116455;9741.261063390231
1351.5876165399484;1341.1216501717756;7268.41357421875;25968.93184227473;26548.033203125;1499001.5;309.79364013671875;9.81335163116455;8135.256157372571
1399.9247425360488;1389.8756716308624;8222.4716796875;27362.075717791915;26044.75390625;1499223.375;309.8395080566406;9.81335163116455;6668.464786354169
1449.51223672704;1439.8624032587982;9347.5390625;28805.58190450736;25541.474609375;1499401.5;309.8763122558594;9.81335163116455;5405.83794695231
1500.3874967704596;1491.1202312670623;10646.9521484375;30300.72736219538;25038.1953125;1499540.375;309.905029296875;9.81335163116455;4360.053179999015
1552.590451088008;1543.6900179364268;12115.17578125;31848.829391169827;24534.916015625;1499646.5;309.92694091796875;9.81335163116455;3519.1324618942426
1606.1650439225823;1597.6165469366056;13781.1845703125;33451.248869854026;24031.63671875;1499728.0;309.9437561035156;9.81335163116455;2838.9155594857984
1661.1608531479428;1652.9502164238952;15760.6826171875;35109.39520536526;23528.357421875;1499793.0;309.95721435546875;9.81335163116455;2263.050598196323
1717.6319662391431;1709.7459129356607;18070.3203125;36824.73175477411;23025.078125;1499843.625;309.9676818847656;9.81335163116455;1792.7897534895912
1775.636087353827;1768.0620459060178;20595.55078125;38598.77969717991;22521.798828125;1499882.125;309.9756164550781;9.81335163116455;1435.6138630668631
1835.2346509206138;1827.960694767333;23228.66015625;40433.121572544915;22018.521484375;1499910.5;309.98150634765625;9.81335163116455;1172.6650027188161
1896.4956528299879;1889.5104717424124;26076.94140625;42329.40655796614;21515.240234375;1499933.0;309.98614501953125;9.81335163116455;965.758678871521
1893.3458776054963;1886.4046805723037;29726.34765625;44257.564160840935;21475.767578125;0.0;309.98980712890625;9.81335163116455;736.0609230935534
1885.540397537586;1878.6208424597032;33591.96484375;45989.24660692725;21475.767578125;0.0;309.9923400878906;9.81335163116455;567.537458019074
1876.9423384956906;1870.0471249762065;38534.62109375;47900.79866986687;21475.767578125;0.0;309.9944152832031;9.81335163116455;429.01325934118563
1868.4002895926687;1861.529771209508;44344.0;49803.61948349129;21475.767578125;0.0;309.9959716796875;9.81335163116455;327.88378680157535
1859.9121840608127;1853.0667058932022;51295.62109375;51697.764793421724;21475.767578125;0.0;309.99713134765625;9.81335163116455;250.43657299268077
1851.621703606511;1844.8019792805612;48851.0625;53590.68492041167;7458.09033203125;0.0;0.0;9.81335163116455;98.1234791447114
1843.2333163031758;1836.4392900315227;56828.56640625;55467.78604159015;7458.09033203125;0.0;0.0;9.81335163116455;73.86685624154187
1834.8956952694114;1828.1277011429913;66432.125;57336.36590720387;7458.09033203125;0.0;0.0;9.81335163116455;54.769666332232745
1826.6076193607244;1819.8659876796676;78880.21875;59196.47538928676;7458.09033203125;0.0;0.0;9.81335163116455;39.843247341170525
1818.3677826702376;1811.6528393156661;94722.1875;61048.164106206736;7458.09033203125;0.0;0.0;9.81335163116455;30.38349173971311
1810.175060894605;1803.4871278419962;114603.734375;62891.48037789797;7458.09033203125;0.0;0.0;9.81335163116455;23.16812064268104
1802.0287374646891;1795.3681350582958;146531.875;64726.47159925045;7458.09033203125;0.0;0.0;9.81335163116455;15.850714150034303
1793.9282793881891;1787.2953276500712;211782.15625;66553.18456390908;7458.09033203125;0.0;0.0;9.81335163116455;8.381952229350684
1785.873028231375;1779.2680460348715;419797.21875;68371.66548169695;7458.09033203125;0.0;0.0;9.81335163116455;2.6327444591320956
1777.8621297842917;1771.2854328243188;inf;70181.9660278603;7458.09033203125;0.0;0.0;9.81335163116455;9.256340122376738e-06
1769.8949151348174;1763.3468124825024;inf;71984.19797120558;7458.09033203125;0.0;0.0;9.81335163116455;9.253736539925722e-06
1761.9703401796717;1755.451142317318;inf;73778.33123592392;7458.09033203125;0.0;0.0;9.81335163116455;9.25125607605053e-06
1754.0878769034412;1747.597893736201;inf;75564.40879207151;7458.09033203125;0.0;0.0;9.81335163116455;9.248986512901191e-06
1746.2470061065155;1739.7865469778335;inf;77342.47308125696;7458.09033203125;0.0;0.0;9.81335163116455;9.246633337579347e-06
1738.447217688397;1732.0165914170896;inf;79112.56601992506;7458.09033203125;0.0;0.0;9.81335163116455;9.244076262851203e-06
1730.6880101343602;1724.2875250177233;inf;80874.72901504999;7458.09033203125;0.0;0.0;9.81335163116455;9.241527212808519e-06
1722.9688904223326;1716.5988542561283;inf;82629.0029626675;7458.09033203125;0.0;0.0;9.81335163116455;9.239116438027305e-06
1715.289373869484;1708.9500939776622;inf;84375.42826582352;7458.09033203125;0.0;0.0;9.81335163116455;9.236700102411468e-06
1707.6489839673325;1701.3407672165756;inf;86114.04484002758;7458.09033203125;0.0;0.0;9.81335163116455;9.234151466237642e-06
1700.0472519542675;1693.7704047696864;inf;87844.89211766084;7458.09033203125;0.0;0.0;9.81335163116455;9.231562791921488e-06
1692.4837170555006;1686.2385454559994;inf;89568.00906234258;7458.09033203125;0.0;0.0;9.81335163116455;9.22904371398045e-06
1684.9579260051153;1678.744735605427;inf;91283.43416893331;7458.09033203125;0.0;0.0;9.81335163116455;9.226548385176412e-06
1677.4694329278202;1671.288528977695;inf;92991.20547945704;7458.09033203125;0.0;0.0;9.81335163116455;9.223974283959585e-06
1670.017799194793;1663.8694865715374;inf;94691.36058481107;7458.09033203125;0.0;0.0;9.81335163116455;9.221348158330813e-06
1662.6025934699258;1656.4871767184616;inf;96383.93663366674;7458.09033203125;0.0;0.0;9.81335163116455;9.218746545345439e-06
1655.2233912198524;1649.141174566984;inf;98068.97034077533;7458.09033203125;0.0;0.0;9.81335163116455;9.216168280639865e-06
1647.879774684055;1641.8310620613804;inf;99746.49799150135;7458.09033203125;0.0;0.0;9.81335163116455;9.213549233862137e-06
1640.713212749292;1634.699874362027;inf;101383.88126567705;7458.09033203125;0.0;0.0;9.81335163116455;9.584823606329885e-06
1633.438856241159;1627.4596329224375;inf;103046.64998906222;7458.09033203125;0.0;0.0;9.81335163116455;9.58579600477968e-06
1626.1988797552885;1620.2540747033438;inf;104702.01832382055;7458.09033203125;0.0;0.0;9.81335163116455;9.586787405557224e-06
1618.9928914896966;1613.0828076694027;inf;106350.02091946674;7458.09033203125;0.0;0.0;9.81335163116455;9.587776717094174e-06
1611.8205055751016;1605.9454457595884;inf;107990.69202913949;7458.09033203125;0.0;0.0;9.81335163116455;9.588749502007357e-06
1604.6813422389325;1598.84160902542;inf;109624.06551913719;7458.09033203125;0.0;0.0;9.81335163116455;9.589723137979384e-06
1597.575027613847;1591.770923425664;inf;111250.17487020674;7458.09033203125;0.0;0.0;9.81335163116455;9.590709483228918e-06
1590.5011935911543;1584.7330207237737;inf;112869.05318511114;7458.09033203125;0.0;0.0;9.81335163116455;9.591697465176005e-06
1583.4594776972647;1577.7275383078158;inf;114480.7331982064;7458.09033203125;0.0;0.0;9.81335163116455;9.592677510074914e-06
1576.4495229892389;1570.7541191404036;inf;116085.24727606226;7458.09033203125;0.0;0.0;9.81335163116455;9.593654517034515e-06
1569.4709779845161;1563.8124116549106;inf;117682.62742494082;7458.09033203125;0.0;0.0;9.81335163116455;9.594639045882478e-06
1562.5234964951817;1556.9020696006169;inf;119272.90529657563;7458.09033203125;0.0;0.0;9.81335163116455;9.59562623625702e-06
1555.6067375377736;1550.0227519436175;inf;120856.11219381471;7458.09033203125;0.0;0.0;9.81335163116455;9.596610211989836e-06
1548.8551021795265;1543.308116767249;inf;122401.44131204626;7458.09033203125;0.0;0.0;9.81335163116455;9.597572571905375e-06
1541.9981994763564;1536.4892531298474;inf;123970.73594082927;7458.09033203125;0.0;0.0;9.81335163116455;9.598556550166032e-06
1535.171033064401;1529.7004276386137;inf;125533.0508652993;7458.09033203125;0.0;0.0;9.81335163116455;9.599543711461317e-06
1528.3732815582878;1522.9413189468096;inf;127088.41604729905;7458.09033203125;0.0;0.0;9.81335163116455;9.600532712970886e-06
1521.604628571632;1516.2116107268541;inf;128636.86112407944;7458.09033203125;0.0;0.0;9.81335163116455;9.60151879929569e-06
1514.8647621002237;1509.510991030723;inf;130178.41541253123;7458.09033203125;0.0;0.0;9.81335163116455;9.60250471556324e-06
1508.1533748364282;1502.839152663398;inf;131713.1079155734;7458.09033203125;0.0;0.0;9.81335163116455;9.603494417069346e-06
1501.4701639227885;1496.1957928811712;inf;133240.9673257718;7458.09033203125;0.0;0.0;9.81335163116455;9.604484896518772e-06
1494.8148308243954;1489.5806132820012;inf;134762.02202769718;7458.09033203125;0.0;0.0;9.81335163116455;9.60547618585721e-06
1488.3167739052315;1483.1222162194952;inf;136246.67333626107;7458.09033203125;0.0;0.0;9.81335163116455;9.606446105739152e-06
1481.7157855269043;1476.5619806273535;inf;137754.33464071725;7458.09033203125;0.0;0.0;9.81335163116455;9.60743799609037e-06
1475.14181037365;1470.029061156225;inf;139255.27406412398;7458.09033203125;0.0;0.0;9.81335163116455;9.608434047528297e-06
1468.5945665240827;1463.5231761063417;inf;140749.51881618507;7458.09033203125;0.0;0.0;9.81335163116455;9.60942826896775e-06
1462.0737758975295;1457.0440476285753;inf;142237.09582130355;7458.09033203125;0.0;0.0;9.81335163116455;9.61042169944887e-06
1455.5791645653835;1450.5914020655937;inf;143718.03172282933;7458.09033203125;0.0;0.0;9.81335163116455;9.611417974857279e-06
1449.1104621986217;1444.164969356839;inf;145192.35288727318;7458.09033203125;0.0;0.0;9.81335163116455;9.612416864832052e-06
1442.6674023028334;1437.764483334844;inf;146660.08540525718;7458.09033203125;0.0;0.0;9.81335163116455;9.613415192556155e-06
1436.2497221242438;1431.3896815461949;inf;148121.25510244933;7458.09033203125;0.0;0.0;9.81335163116455;9.614414260342717e-06
1429.8571625115408;1425.0403051975943;inf;149575.88753487414;7458.09033203125;0.0;0.0;9.81335163116455;9.61541448109083e-06
1423.4894678184328;1418.7160990046307;inf;151024.00799580337;7458.09033203125;0.0;0.0;9.81335163116455;9.616418393013919e-06
1417.1463859300977;1412.4168112479106;inf;152465.6415220697;7458.09033203125;0.0;0.0;9.81335163116455;9.617423296342642e-06
1410.8276680913284;1406.1421935841277;inf;153900.81289622304;7458.09033203125;0.0;0.0;9.81335163116455;9.61842608922017e-06
1404.5330690524534;1399.8920011926402;inf;155329.54664568754;7458.09033203125;0.0;0.0;9.81335163116455;9.619431596915007e-06
1398.2623467140675;1393.6659924291866;inf;156751.86704869196;7458.09033203125;0.0;0.0;9.81335163116455;9.620438178375422e-06
1392.0152622840849;1387.4639289960494;inf;158167.79814267834;7458.09033203125;0.0;0.0;9.81335163116455;9.621449966879505e-06
1385.9133897898012;1381.4064936474444;inf;159549.78621296934;7458.09033203125;0.0;0.0;9.81335163116455;9.622441348467677e-06
1379.712425516871;1375.2511606774074;inf;160953.1339557434;7458.09033203125;0.0;0.0;9.81335163116455;9.623451649988606e-06
1373.534406237094;1369.119081692204;inf;162350.1626003713;7458.09033203125;0.0;0.0;9.81335163116455;9.624464642195489e-06
1367.4995807580065;1363.1295962100992;inf;163713.68633902294;7458.09033203125;0.0;0.0;9.81335163116455;9.625461123522179e-06
1361.3663361724364;1357.0429055251432;inf;165098.2686144997;7458.09033203125;0.0;0.0;9.81335163116455;9.626475823672617e-06
1355.255370487697;1350.9788044971067;inf;166476.59993634128;7458.09033203125;0.0;0.0;9.81335163116455;9.627494445903472e-06
1349.1664660219594;1344.937076094158;inf;167848.7027201479;7458.09033203125;0.0;0.0;9.81335163116455;9.628514948864706e-06
1343.099407862269;1338.9175060663147;inf;169214.5991612058;7458.09033203125;0.0;0.0;9.81335163116455;9.629537860180099e-06
1337.172315032676;1333.037273852564;inf;170547.70951866359;7458.09033203125;0.0;0.0;9.81335163116455;9.630539908336425e-06
1331.1478978422253;1327.0609648930379;inf;171901.37961646763;7458.09033203125;0.0;0.0;9.81335163116455;9.631564587704326e-06
1325.1447027926386;1321.1061922867827;inf;173248.9082363483;7458.09033203125;0.0;0.0;9.81335163116455;9.632591364137972e-06
1319.1625257567746;1315.1727526679626;inf;174590.3167222452;7458.09033203125;0.0;0.0;9.81335163116455;9.633620686751005e-06
1313.2011652229974;1309.2604453298197;inf;175925.62621088047;7458.09033203125;0.0;0.0;9.81335163116455;9.634651868440352e-06
1307.2604222141058;1303.3690721024955;inf;177254.85763275903;7458.09033203125;0.0;0.0;9.81335163116455;9.63568299957377e-06
1301.3401002685841;1297.498437385951;inf;178578.03171716712;7458.09033203125;0.0;0.0;9.81335163116455;9.636717125646484e-06
1295.440005395557;1291.64834805437;inf;179895.16899342136;7458.09033203125;0.0;0.0;9.81335163116455;9.637755101679773e-06
1289.5599460231667;1285.8186134368243;inf;181206.28979341884;7458.09033203125;0.0;0.0;9.81335163116455;9.638792626160356e-06
1283.6997329514156;1280.0090452633049;inf;182511.4142568087;7458.09033203125;0.0;0.0;9.81335163116455;9.639832464511094e-06
1277.8591793627363;1274.2194576683416;inf;183810.56232603057;7458.09033203125;0.0;0.0;9.81335163116455;9.640873634799046e-06
1272.0381007056944;1268.4496670814262;inf;185103.75375798764;7458.09033203125;0.0;0.0;9.81335163116455;9.641919580425536e-06
1266.236314651422;1262.6994922087385;inf;186391.0081201275;7458.09033203125;0.0;0.0;9.81335163116455;9.642967100331997e-06
1260.4536411640233;1256.9687540250566;inf;187672.34479416558;7458.09033203125;0.0;0.0;9.81335163116455;9.644014182430029e-06
1254.8027360397584;1251.3690815620084;inf;188922.83096095035;7458.09033203125;0.0;0.0;9.81335163116455;9.645043931474911e-06
1249.0573902445888;1245.6763161624779;inf;190192.50477718422;7458.09033203125;0.0;0.0;9.81335163116455;9.646099137718453e-06
1243.3306333676421;1240.0024670878768;inf;191456.31759445125;7458.09033203125;0.0;0.0;9.81335163116455;9.647153804134099e-06
1237.6222938698627;1234.347363963678;inf;192714.2880772152;7458.09033203125;0.0;0.0;9.81335163116455;9.648210690585643e-06
1231.9322023116715;1228.7108385284748;inf;193966.43471740594;7458.09033203125;0.0;0.0;9.81335163116455;9.649270201414401e-06
1226.2601913419771;1223.092724657168;inf;195212.77583240904;7458.09033203125;0.0;0.0;9.81335163116455;9.650333225899011e-06
1220.6060954724676;1217.4928581133736;inf;196453.32957101485;7458.09033203125;0.0;0.0;9.81335163116455;9.65139806977985e-06
1214.9697512873886;1211.9110767565016;inf;197688.1139116953;7458.09033203125;0.0;0.0;9.81335163116455;9.652466759799795e-06
1209.3509972737704;1206.34722040092;inf;198917.14666780247;7458.09033203125;0.0;0.0;9.81335163116455;9.653533677212635e-06
1203.749673805662;1200.8011307637348;inf;200140.44548500376;7458.09033203125;0.0;0.0;9.81335163116455;9.654605767739065e-06
1198.1656231183467;1195.2726514535261;inf;201358.02785006317;7458.09033203125;0.0;0.0;9.81335163116455;9.655681694470886e-06
1192.5986893701966;1189.761628058902;inf;202569.91108608036;7458.09033203125;0.0;0.0;9.81335163116455;9.656759264877784e-06
1187.0487185213703;1184.2679079759064;inf;203776.11235865392;7458.09033203125;0.0;0.0;9.81335163116455;9.657839112363148e-06
1181.5155582086088;1178.7913403376185;inf;204976.64867472043;7458.09033203125;0.0;0.0;9.81335163116455;9.658919929603327e-06
1176.107065433962;1173.4386639415698;inf;206148.16188581905;7458.09033203125;0.0;0.0;9.81335163116455;9.659985249486598e-06
1170.606754165941;1167.9956269558213;inf;207337.52894891892;7458.09033203125;0.0;0.0;9.81335163116455;9.661073328158955e-06
1165.1228099319221;1162.5693035425054;inf;208521.2808272813;7458.09033203125;0.0;0.0;9.81335163116455;9.66216255267406e-06
1159.6550873573037;1157.1595499500963;inf;209699.43392003316;7458.09033203125;0.0;0.0;9.81335163116455;9.663255558142777e-06
1154.203442628928;1151.7662240254288;inf;210872.0044754824;7458.09033203125;0.0;0.0;9.81335163116455;9.664351928025273e-06
1148.7677337297696;1146.3891854522642;inf;212039.00859666523;7458.09033203125;0.0;0.0;9.81335163116455;9.665453243611953e-06
1143.3478200836032;1141.0282954003844;inf;213200.46224074403;7458.09033203125;0.0;0.0;9.81335163116455;9.66655360847956e-06
1137.9435627982614;1135.6834167563209;inf;214356.38121961174;7458.09033203125;0.0;0.0;9.81335163116455;9.667656577305704e-06
1132.554824499808;1130.354413965635;inf;215506.78120524238;7458.09033203125;0.0;0.0;9.81335163116455;9.668764580798997e-06
1127.181469371366;1125.0411530757392;inf;216651.67772567947;7458.09033203125;0.0;0.0;9.81335163116455;9.669877555774181e-06
1121.8233631460414;1119.7435017131681;inf;217791.08617209352;7458.09033203125;0.0;0.0;9.81335163116455;9.670991744963635e-06
1116.480373083938;1114.4613290788272;inf;218925.021797486;7458.09033203125;0.0;0.0;9.81335163116455;9.672106172474228e-06
1111.1523677336518;1109.1945057138482;inf;220053.49971819122;7458.09033203125;0.0;0.0;9.81335163116455;9.673224543984708e-06
1105.8392173636119;1103.9429039130812;inf;221176.53491595283;7458.09033203125;0.0;0.0;9.81335163116455;9.674348732577975e-06
1100.54079350225;1098.7063972777437;inf;222294.14223860472;7458.09033203125;0.0;0.0;9.81335163116455;9.675475263900554e-06
1095.2569690659343;1093.4848608362902;inf;223406.33640264522;7458.09033203125;0.0;0.0;9.81335163116455;9.67660478900705e-06
1089.9876185564497;1088.27817125501;inf;224513.13199241937;7458.09033203125;0.0;0.0;9.81335163116455;9.67773581633723e-06
1084.7326176569402;1083.0862064218725;inf;225614.54346547346;7458.09033203125;0.0;0.0;9.81335163116455;9.67887143020363e-06
1079.4918435637642;1077.9088457959829;inf;226710.5851503195;7458.09033203125;0.0;0.0;9.81335163116455;9.680011433158227e-06
1074.2651746737367;1072.7459700542902;inf;227801.27124726085;7458.09033203125;0.0;0.0;9.81335163116455;9.681152871837001e-06
1069.0524907483946;1067.5974613248513;inf;228886.6158342685;7458.09033203125;0.0;0.0;9.81335163116455;9.682299021231797e-06
1063.8536729280456;1062.463203145023;inf;229966.6328629026;7458.09033203125;0.0;0.0;9.81335163116455;9.683447143606726e-06
1058.7701401719166;1057.4433397179957;inf;231020.31453637942;7458.09033203125;0.0;0.0;9.81335163116455;9.684576301213049e-06
1053.598436717971;1052.3369645199216;inf;232089.82160877378;7458.09033203125;0.0;0.0;9.81335163116455;9.685733630548382e-06
1048.4402524686027;1047.2445004310046;inf;233154.04198530712;7458.09033203125;0.0;0.0;9.81335163116455;9.686893125290931e-06
1043.2954734771308;1042.1658361041027;inf;234212.98913720518;7458.09033203125;0.0;0.0;9.81335163116455;9.688054898464136e-06
1038.2644774166627;1037.200043865912;inf;235246.0663549482;7458.09033203125;0.0;0.0;9.81335163116455;9.689198283891632e-06
1033.145914717521;1032.1483849807953;inf;236294.60975173872;7458.09033203125;0.0;0.0;9.81335163116455;9.69036845069541e-06
1028.0404249964474;1027.1102016488478;inf;237337.91938031523;7458.09033203125;0.0;0.0;9.81335163116455;9.691542347057295e-06
1022.9478990584654;1022.0853874994998;inf;238376.0082500733;7458.09033203125;0.0;0.0;9.81335163116455;9.692718211236023e-06
1017.8682289056059;1017.0738374332975;inf;239408.88925812172;7458.09033203125;0.0;0.0;9.81335163116455;9.693898038092756e-06
1012.8013077155233;1012.0754475377403;inf;240436.5751881802;7458.09033203125;0.0;0.0;9.81335163116455;9.695083353238047e-06
1007.7470297009696;1007.090115041517;inf;241459.07871495362;7458.09033203125;0.0;0.0;9.81335163116455;9.6962715792729e-06
1002.705290219938;1002.1177383650167;inf;242476.4124019863;7458.09033203125;0.0;0.0;9.81335163116455;9.697462309841682e-06
997.6759858230306;997.1582171803657;inf;243488.5887039795;7458.09033203125;0.0;0.0;9.81335163116455;9.698657885828305e-06
992.6590139701419;992.2114521311953;inf;244495.61996753223;7458.09033203125;0.0;0.0;9.81335163116455;9.699857859904156e-06
987.6542733116745;987.2773451175076;inf;245497.51843356795;7458.09033203125;0.0;0.0;9.81335163116455;9.70106169437696e-06
982.6616635989346;982.3557992065383;inf;246494.29623624263;7458.09033203125;0.0;0.0;9.81335163116455;9.702268709549462e-06
977.6810855094152;977.4467184685208;inf;247485.96540555498;7458.09033203125;0.0;0.0;9.81335163116455;9.703479160448358e-06
972.7475804088583;972.6269724433149;inf;248472.55811242235;7456.466796875;0.0;0.0;9.81335163116455;9.47870644189799e-06
967.7900513170957;967.7713232777588;inf;249454.13012879435;7454.43212890625;0.0;0.0;9.81335163116455;7.628388944581224e-06
962.7788796879815;962.82789225397;inf;250430.57747872942;7453.126953125;0.0;0.0;9.81335163116455;3.6028713440215236e-06
957.7377800876566;957.8567205974067;inf;251401.8753583479;7451.8173828125;0.0;0.0;9.81335163116455;2.3762032553004145e-06
952.7258979843655;952.9223317895805;inf;252368.0270281866;7450.89404296875;0.0;0.0;9.81335163116455;3.693336968618351e-06
947.7534564578681;948.027723255815;inf;253329.05335188447;7450.4716796875;0.0;0.0;9.81335163116455;3.795295255392281e-06
942.8303135875553;943.1808287378426;inf;254285.0085980862;7450.26708984375;0.0;0.0;9.81335163116455;3.881826015321681e-06
937.9642812837226;938.3899248256207;inf;255235.95329908445;7450.1708984375;0.0;0.0;9.81335163116455;3.657231794642002e-06
933.094259939292;933.595812244537;inf;256181.90936195082;7450.10205078125;0.0;0.0;9.81335163116455;3.833409787032704e-06
928.2118020467901;928.7899311941674;inf;257122.86435469333;7450.04736328125;0.0;0.0;9.81335163116455;3.789036510870351e-06
923.3567221844555;924.0117499225865;inf;258058.82681717817;7450.005859375;0.0;0.0;9.81335163116455;3.740126482523815e-06
918.523880286877;919.256212567569;inf;258989.82467218058;7449.970703125;0.0;0.0;9.81335163116455;3.7570261142877416e-06
913.6908478910027;914.5010479741582;inf;259915.86525356083;7449.94580078125;0.0;0.0;9.81335163116455;3.785180548689635e-06
908.8623458700255;909.7509614560008;inf;260836.9495309936;7449.92529296875;0.0;0.0;9.81335163116455;3.7664112070863226e-06
904.0508082499014;905.0182732787266;inf;261753.09224920953;7449.92529296875;0.0;0.0;9.81335163116455;3.714596801025943e-06
899.2498427346216;900.2966584973677;inf;262664.30524069525;7449.92529296875;0.0;0.0;9.81335163116455;3.7465239852890023e-06
894.4593660776497;895.5860386619306;inf;263570.5988968335;7449.92529296875;0.0;0.0;9.81335163116455;3.765028568605434e-06
889.7729232580566;890.9783828591945;inf;264454.3564299274;7449.92529296875;0.0;0.0;9.81335163116455;3.750686603140221e-06
885.0029763591517;886.2893095625559;inf;265350.93818818545;7449.92529296875;0.0;0.0;9.81335163116455;3.7198117950849215e-06
880.2432752995986;881.6110030852204;inf;266242.63105350046;7449.92529296875;0.0;0.0;9.81335163116455;3.721745887957661e-06
875.49374019866;876.9433887030056;inf;267129.4450675141;7449.92529296875;0.0;0.0;9.81335163116455;3.7393852859692416e-06
870.7542919930263;872.2863926691372;inf;268011.39018647233;7449.92529296875;0.0;0.0;9.81335163116455;3.7328668659387093e-06
866.0248524930287;867.63994221188;inf;268888.4762817429;7449.92529296875;0.0;0.0;9.81335163116455;3.713362183261644e-06
860.5987751710712;862.3099641485632;inf;269891.0378362938;7449.92529296875;0.0;0.0;9.81335163116455;3.7058852876819056e-06
828.8661149532338;831.1589816203984;inf;275672.80861007515;7449.92529296875;0.0;0.0;9.81335163116455;3.7058852876819044e-06
782.8412134829491;786.042194070541;inf;283800.62175333116;7449.92529296875;0.0;0.0;9.81335163116455;3.705885287681905e-06
737.6841742600886;741.8596997720597;inf;291459.6491755245;7449.92529296875;0.0;0.0;9.81335163116455;3.705885287681906e-06
693.334847518818;698.5603359926532;inf;298657.9007576922;7449.92529296875;0.0;0.0;9.81335163116455;3.7058852876819048e-06
649.7399824499508;656.1019933948884;inf;305402.71874954225;7449.92529296875;0.0;0.0;9.81335163116455;3.705885287681906e-06
606.8532854577677;614.4522856220269;inf;311700.82476296055;7449.92529296875;0.0;0.0;9.81335163116455;3.705885287681907e-06
564.6358159896014;573.5897671635755;inf;317558.3611034214;7449.92529296875;0.0;0.0;9.81335163116455;3.705885287681906e-06
523.0568436500716;533.5059045792104;inf;322980.9273798269;7449.92529296875;0.0;0.0;9.81335163116455;3.705885287681908e-06
482.89268503715107;494.97097386284617;inf;327879.81883778784;7449.92529296875;0.0;0.0;9.81335163116455;3.7058852876819065e-06
442.5280717153384;456.4708957060028;inf;332455.527719437;7449.92529296875;0.0;0.0;9.81335163116455;3.705885287681906e-06
402.7797033350763;418.83911889884786;inf;336610.03572250693;7449.92529296875;0.0;0.0;9.81335163116455;3.705885287681905e-06
363.67825647546994;382.16867723821747;inf;340347.0662381244;7449.92529296875;0.0;0.0;9.81335163116455;3.705885287681905e-06
325.2892806952171;346.60691268782966;inf;343669.92643200886;7449.92529296875;0.0;0.0;9.81335163116455;3.705885287681906e-06
287.73337889484714;312.3805658283694;inf;346581.5240591838;7449.92529296875;0.0;0.0;9.81335163116455;3.7058852876819044e-06
251.2225602587481;279.8343243594111;inf;349084.3818793801;7449.92529296875;0.0;0.0;9.81335163116455;3.7058852876819056e-06
222.19405067685005;254.65323245568604;inf;350840.19822515536;7449.92529296875;0.0;0.0;9.81335163116455;3.7058852876819065e-06
216.77338817347965;250.0360750337527;inf;351144.873615716;7449.92529296875;0.0;0.0;9.81335163116455;3.434577043925487e-06
213.35983513113834;247.14404459229817;inf;351332.97299418354;7449.92529296875;0.0;0.0;9.81335163116455;3.469131187215285e-06
209.96678698184775;244.28177816159933;inf;351517.0254415348;7449.92333984375;0.0;0.0;9.81335163116455;3.518494125305888e-06
206.5962751844065;241.45119890220585;inf;351697.0328519945;7449.92333984375;0.0;0.0;9.81335163116455;3.5729357967854227e-06
203.24871694880832;238.6528391433097;inf;351872.99692010705;7449.92333984375;0.0;0.0;9.81335163116455;3.6256599060840357e-06
199.92514803929168;235.8877458974443;inf;352044.9191362853;7449.92333984375;0.0;0.0;9.81335163116455;3.679158235396449e-06
196.6266686301958;233.1570043515077;inf;352212.8009580128;7449.92333984375;0.0;0.0;9.81335163116455;3.7395819966118886e-06
193.3544473259416;230.4617385809547;inf;352376.64380915824;7449.92333984375;0.0;0.0;9.81335163116455;3.806537636251624e-06
190.1097256140259;227.80311202768698;inf;352536.44907559466;7449.92333984375;0.0;0.0;9.81335163116455;3.875076994864031e-06
186.8938223644013;225.1823281056978;inf;352692.2181097575;7449.92333984375;0.0;0.0;9.81335163116455;3.944893357520839e-06
183.70813876078918;222.60063051667115;inf;352843.9522289627;7449.92333984375;0.0;0.0;9.81335163116455;4.020218329640254e-06
180.5541631690051;220.0593034268484;inf;352991.65271692106;7449.92333984375;0.0;0.0;9.81335163116455;4.102256328918146e-06
177.4334764087795;217.5596716145122;inf;353135.3208207617;7449.92333984375;0.0;0.0;9.81335163116455;4.187980022512756e-06
174.3477572770482;215.10310017716438;inf;353274.9577552328;7449.92333984375;0.0;0.0;9.81335163116455;4.2760696132445835e-06
171.29878788405045;212.69099436819178;inf;353410.5646997038;7449.92333984375;0.0;0.0;9.81335163116455;4.368965908229179e-06
168.28845946946697;210.32479881310184;inf;353542.1427963283;7449.92333984375;0.0;0.0;9.81335163116455;4.468339369658775e-06
165.31877808547134;208.0059967793465;inf;353669.69315584225;7449.92333984375;0.0;0.0;9.81335163116455;4.572682171905749e-06
162.56281764211738;205.86825002850568;inf;353786.0622008897;7449.92333984375;0.0;0.0;9.81335163116455;4.674088213660834e-06
159.67822310461491;203.64582052300233;inf;353905.7970533783;7449.92333984375;0.0;0.0;9.81335163116455;4.78623434705307e-06
156.84089554405773;201.47535826817963;inf;354021.5072352777;7449.92333984375;0.0;0.0;9.81335163116455;4.904425773024106e-06
154.05334806957;199.3584842418509;inf;354133.1937202874;7449.92333984375;0.0;0.0;9.81335163116455;5.028235670922225e-06
151.31823500076996;197.29684888767702;inf;354240.85744829034;7449.92333984375;0.0;0.0;9.81335163116455;5.156421122091402e-06
148.63835596224098;195.2921292303509;inf;354344.4993263292;7449.92333984375;0.0;0.0;9.81335163116455;5.289123345391274e-06
146.01665925006904;193.3460252091883;inf;354444.120226032;7449.92333984375;0.0;0.0;9.81335163116455;5.427335874489421e-06
143.45624389827424;191.46025605504883;inf;354539.72098560794;7449.92333984375;0.0;0.0;9.81335163116455;5.571034626057237e-06
140.96036061992996;189.6365555731004;inf;354631.30240869534;7449.92333984375;0.0;0.0;9.81335163116455;5.719319235857668e-06
138.5324109378635;187.87666738046482;inf;354718.86526704475;7449.92333984375;0.0;0.0;9.81335163116455;5.8718601503490616e-06
136.175944662693;186.1823394268745;inf;354802.4102950342;7449.92333984375;0.0;0.0;9.81335163116455;6.029060241351518e-06
133.89465455696796;184.55531813601462;inf;354881.9381932239;7449.92333984375;0.0;0.0;9.81335163116455;6.190898577058264e-06
131.69236867551206;182.99734191931793;inf;354957.4496320642;7449.92333984375;0.0;0.0;9.81335163116455;6.3566507606297365e-06
129.57303947993012;181.51013432543579;inf;355028.94524388376;7449.92333984375;0.0;0.0;9.81335163116455;6.525705388372691e-06
127.5407293844152;180.0953967079074;inf;355096.42562928307;7449.92333984375;0.0;0.0;9.81335163116455;6.697906963627448e-06
125.6367511057229;178.780363553175;inf;355158.68551379244;7449.92333984375;0.0;0.0;9.81335163116455;6.8695439350580275e-06
123.78909982842013;177.51404069493205;inf;355218.2158165949;7449.92333984375;0.0;0.0;9.81335163116455;7.04674984687627e-06
122.04102776114814;176.32504870743333;inf;355273.7324824175;7449.92333984375;0.0;0.0;9.81335163116455;7.225265438611932e-06
120.39681240038975;175.21492056569934;inf;355325.235975101;7449.92333984375;0.0;0.0;9.81335163116455;7.404479560411291e-06
118.86070748453915;174.1851255427656;inf;355372.7267285952;7449.92333984375;0.0;0.0;9.81335163116455;7.583787465429564e-06
117.43690285333959;173.23706054580126;inf;355416.2051401064;7449.92333984375;0.0;0.0;9.81335163116455;7.762319608884676e-06
116.12948045738993;172.37204128281198;inf;355455.6715755571;7449.92333984375;0.0;0.0;9.81335163116455;7.939034762426315e-06
114.9423671690546;171.59129370033497;inf;355491.12636429735;7449.92333984375;0.0;0.0;9.81335163116455;8.113012215943799e-06
113.87928504348453;170.89594578169195;inf;355522.5698044221;7449.92333984375;0.0;0.0;9.81335163116455;8.283383830450727e-06
112.9437002624089;170.28701966405131;inf;355550.002158036;7449.92333984375;0.0;0.0;9.81335163116455;8.44917995668588e-06
112.1387722979291;169.76542424406358;inf;355573.4236558336;7449.92333984375;0.0;0.0;9.81335163116455;8.609336297163909e-06
111.46730436833973;169.33194857113284;inf;355592.8344947782;7449.92333984375;0.0;0.0;9.81335163116455;8.762875848220484e-06
110.93169732489507;168.9872557739607;inf;355608.2348372297;7449.92333984375;0.0;0.0;9.81335163116455;8.908924899793196e-06
110.53390807565228;168.73187809379056;inf;355619.62481212337;7449.92333984375;0.0;0.0;9.81335163116455;9.046639417291446e-06
126.41201408542946;152.42361378079622;inf;355627.00834961573;7410.4501953125;240000.0;310.0;9.81335163116455;9.195151219636994e-06
159.52587960346733;119.12344301280399;inf;355630.41377723846;7329.92578125;240000.0;310.0;9.81335163116455;9.304843539866104e-06
193.12154840102323;85.56615607001707;inf;355629.86032291723;7249.4013671875;240000.0;310.0;9.81335163116455;9.371609480117509e-06
227.15577491397846;51.95630954407661;inf;355625.3677519278;7168.87646484375;240000.0;310.0;9.81335163116455;9.416018985215709e-06
261.6115037911662;20.0015119342681;inf;355616.95992190356;7088.3515625;240000.0;310.0;9.81335163116455;9.447403047852361e-06
296.48337059919356;22.417321853502813;inf;355604.6649165192;7007.8271484375;240000.0;310.0;9.81335163116455;9.47056245660213e-06
331.7719670409649;55.58225083173955;inf;355588.51508722;6927.30224609375;240000.0;310.0;9.81335163116455;9.488223270618053e-06
367.4812690115474;90.81094417475734;inf;355568.54724772717;6846.77734375;240000.0;310.0;9.81335163116455;9.50203648565848e-06
403.6173474591323;126.74376065880244;inf;355544.80289315863;6766.2529296875;240000.0;310.0;9.81335163116455;9.513047307452037e-06
440.1877032375448;163.20255332613002;inf;355517.32838934986;6685.72802734375;240000.0;310.0;9.81335163116455;9.521954844058585e-06
477.200892648287;200.14408510510117;inf;355486.17516913114;6605.20361328125;240000.0;310.0;9.81335163116455;9.529248760915688e-06
514.6663231591679;237.55806060703298;inf;355451.39991974796;6524.6787109375;240000.0;310.0;9.81335163116455;9.535277279218162e-06
552.5941140593292;275.44566244933526;inf;355413.06476803555;6444.15380859375;240000.0;310.0;9.81335163116455;9.540289764219846e-06
590.9950257797761;313.8131067819419;inf;355371.2374940398;6363.62939453125;240000.0;310.0;9.81335163116455;9.544474456452872e-06
629.8804274503559;352.6692638742217;inf;355325.9917721541;6283.1044921875;240000.0;310.0;9.81335163116455;9.547981389932056e-06
669.2622602408101;392.0246158685355;inf;355277.4074355805;6202.580078125;240000.0;310.0;9.81335163116455;9.550928026648533e-06
709.1530468346268;431.8908007887091;inf;355225.5707664575;6122.05517578125;240000.0;310.0;9.81335163116455;9.553392264767741e-06
749.5659008579066;472.28037892693953;inf;355170.5746909564;6041.53076171875;240000.0;310.0;9.81335163116455;9.55544919805804e-06
790.5145265971092;513.2066973059667;inf;355112.51908432716;5961.005859375;240000.0;310.0;9.81335163116455;9.557158456279117e-06
832.0132317274449;554.6838302020659;inf;355051.5111257123;5880.4814453125;240000.0;310.0;9.81335163116455;9.55856853070668e-06
874.0769687403404;596.7265790286776;inf;354987.6655923304;5799.95654296875;240000.0;310.0;9.81335163116455;9.559707243347621e-06
916.7213673239231;639.3504777100691;inf;354921.1050976099;5719.43212890625;240000.0;310.0;9.81335163116455;9.560609698476571e-06
959.9627368763936;682.5717711347618;inf;354851.96046393504;5638.9072265625;240000.0;310.0;9.81335163116455;9.56131155143692e-06
1003.818105816959;726.407444065485;inf;354780.3712225768;5558.38232421875;240000.0;310.0;9.81335163116455;9.561837643152244e-06
1048.3052861301348;770.8752871285727;inf;354706.48602423735;5477.85791015625;240000.0;310.0;9.81335163116455;9.562188932780046e-06
1093.4429120616248;815.9939269696198;inf;354630.46283424564;5397.3330078125;240000.0;310.0;9.81335163116455;9.562390409659085e-06
1139.2504563841235;861.7828331795174;inf;354552.46946455934;5316.80859375;240000.0;310.0;9.81335163116455;9.562464953188326e-06
1184.8298128407657;907.3442565469596;inf;354474.2646181736;5237.86279296875;240000.0;310.0;9.81335163116455;9.562420520734846e-06
1232.0251546304416;954.5216625730585;inf;354392.90602754976;5157.33837890625;240000.0;310.0;9.81335163116455;9.562258718425712e-06
1279.9540978979421;1002.4330438848758;inf;354310.1409460335;5076.8134765625;240000.0;310.0;9.81335163116455;9.561993177199635e-06
1328.6400756205378;1051.1018471134153;inf;354226.1813650775;4996.28857421875;240000.0;310.0;9.81335163116455;9.561637624170508e-06
1378.1076815757299;1100.5526817919017;inf;354141.2518408458;4915.763671875;240000.0;310.0;9.81335163116455;9.561192829206005e-06
1428.382739099654;1150.8113894456733;inf;354055.59005470376;4835.2392578125;240000.0;310.0;9.81335163116455;9.560668623799514e-06
1479.4923892035843;1201.9051308462554;inf;353969.44747807493;4754.71435546875;240000.0;310.0;9.81335163116455;9.560068197775904e-06
1531.4651856392709;1253.86248153938;inf;353883.09001307096;4674.18994140625;240000.0;310.0;9.81335163116455;9.55939424553359e-06
1584.3311558191263;1306.7134883425585;inf;353796.79881784646;4593.6650390625;240000.0;310.0;9.81335163116455;9.558665022023566e-06
1638.1219251338707;1360.4897971340447;inf;353710.8713560181;4513.140625;240000.0;310.0;9.81335163116455;9.557871848594882e-06
1692.8708735631535;1415.2248129125567;inf;353625.6220277238;4432.61572265625;240000.0;310.0;9.81335163116455;9.557021461326468e-06
1748.613202364385;1470.9537602466112;inf;353541.3830567845;4352.0908203125;240000.0;310.0;9.81335163116455;9.55612666706324e-06
1805.3860701230149;1527.713819049528;inf;353458.5058219313;4271.56640625;240000.0;310.0;9.81335163116455;9.555199616982861e-06
1863.228731819373;1585.5442642036014;inf;353377.36229400826;4191.04150390625;240000.0;310.0;9.81335163116455;9.554278709722433e-06
1922.182607496093;1644.486526682992;inf;353298.3471237316;4110.51708984375;240000.0;310.0;9.81335163116455;9.553561569916674e-06
1922.3399979002045;1644.6666566065871;inf;353220.5002245477;4110.51708984375;0.0;310.0;9.81335163116455;9.560179312641924e-06
1922.4974350040827;1644.8468359325543;inf;353142.6365716986;4110.51708984375;0.0;310.0;9.81335163116455;9.565343065527467e-06
1922.654918137523;1645.0270638941713;inf;353064.7564937377;4110.51708984375;0.0;310.0;9.81335163116455;9.56879924091001e-06
1922.8124466535971;1645.2073397489225;inf;352986.8603154891;4110.51708984375;0.0;310.0;9.81335163116455;9.573508829524884e-06
1922.9700199168296;1645.387662765421;inf;352908.94836400193;4110.51708984375;0.0;310.0;9.81335163116455;9.579274736125747e-06
1923.1276372742614;1645.5680321944355;inf;352831.0209662174;4110.51708984375;0.0;310.0;9.81335163116455;9.58395421747776e-06
1923.2852980896253;1645.7484473036068;inf;352753.0784494851;4110.51708984375;0.0;310.0;9.81335163116455;9.587903923402339e-06
1923.4399090751613;1645.9253684848793;inf;352676.64985608193;4110.51708984375;0.0;310.0;9.81335163116455;9.592553386180244e-06
1923.5976540248794;1646.1058718457493;inf;352598.6783636429;4110.51708984375;0.0;310.0;9.81335163116455;9.597697579023835e-06
1923.7554404463935;1646.2864186142476;inf;352520.69272810465;4110.51708984375;0.0;310.0;9.81335163116455;9.602159523337264e-06
1923.9132677406542;1646.4670080947694;inf;352442.693278886;4110.51708984375;0.0;310.0;9.81335163116455;9.606320776175944e-06
1924.071135207829;1646.6476394914685;inf;352364.68034352746;4110.51708984375;0.0;310.0;9.81335163116455;9.610944573469347e-06
1924.2290422375045;1646.8283120973726;inf;352286.65425119246;4110.51708984375;0.0;310.0;9.81335163116455;9.615676178514502e-06
1924.386988152133;1647.0090251388974;inf;352208.61532967445;4110.51708984375;0.0;310.0;9.81335163116455;9.619992742973455e-06
1924.5449722937876;1647.1897778620691;inf;352130.563907683;4110.51708984375;0.0;310.0;9.81335163116455;9.624205100462455e-06
1924.7029940048092;1647.3705695125502;inf;352052.50031476736;4110.51708984375;0.0;310.0;9.81335163116455;9.628664335038224e-06
1924.8610526337902;1647.5513993427496;inf;351974.4248808194;4110.51708984375;0.0;310.0;9.81335163116455;9.63310811740488e-06
1925.0191475180998;1647.7322665931956;inf;351896.33793531114;4110.51708984375;0.0;310.0;9.81335163116455;9.637306904891947e-06
1925.177277997422;1647.9131705075824;inf;351818.2398072054;4110.51708984375;0.0;310.0;9.81335163116455;9.641474675770581e-06
1925.335443413918;1648.0941103315304;inf;351740.1308276757;4110.51708984375;0.0;310.0;9.81335163116455;9.645756618977117e-06
1925.4936431007536;1648.2750853017174;inf;351662.01132642967;4110.51708984375;0.0;310.0;9.81335163116455;9.649984000069183e-06
1925.6518764243194;1648.4560946883557;inf;351583.88163365086;4110.51708984375;0.0;310.0;9.81335163116455;9.654066305064894e-06
1925.8101426838948;1648.6371376934294;inf;351505.7420810079;4110.51708984375;0.0;310.0;9.81335163116455;9.658135360722513e-06
1925.968441207897;1648.8182135497689;inf;351427.59299691627;4110.51708984375;0.0;310.0;9.81335163116455;9.662245841663892e-06
1926.1267713718591;1648.999321535488;inf;351349.43471527926;4110.51708984375;0.0;310.0;9.81335163116455;9.666292034622601e-06
1926.2851325118443;1649.1804608902983;inf;351271.26756652;4110.51708984375;0.0;310.0;9.81335163116455;9.670250323044274e-06
1926.4435239578077;1649.3616308479034;inf;351193.09188054584;4110.51708984375;0.0;310.0;9.81335163116455;9.674192011893245e-06
1926.6019450299232;1649.5428306314827;inf;351114.9079912446;4110.51708984375;0.0;310.0;9.81335163116455;9.678134632093457e-06
1926.760395083074;1649.7240594995405;inf;351036.7162289609;4110.51708984375;0.0;310.0;9.81335163116455;9.682023471876278e-06
1926.9188734313002;1649.905316669348;inf;350958.51692643715;4110.51708984375;0.0;310.0;9.81335163116455;9.685848925795557e-06
1927.077379414283;1650.0866013837;inf;350880.310416291;4110.51708984375;0.0;310.0;9.81335163116455;9.68965281797557e-06
1927.235912369071;1650.267912883454;inf;350802.0970293593;4110.51708984375;0.0;310.0;9.81335163116455;9.693438045307808e-06
1927.394471649947;1650.4492504261561;inf;350723.8770986777;4110.51708984375;0.0;310.0;9.81335163116455;9.697173513382841e-06
1927.5530565645458;1650.6306132219945;inf;350645.65095873224;4110.51708984375;0.0;310.0;9.81335163116455;9.700858483216158e-06
1927.7116664589892;1650.8120005211006;inf;350567.41894071863;4110.51708984375;0.0;310.0;9.81335163116455;9.704517742218586e-06
1927.870300630087;1650.993411522902;inf;350489.1813792001;4110.51708984375;0.0;310.0;9.81335163116455;9.70814858403832e-06
1928.028958427926;1651.1748454809058;inf;350410.93860683555;4110.51708984375;0.0;310.0;9.81335163116455;9.711733977634966e-06
1928.18763919549;1651.3563016413084;inf;350332.69095765916;4110.51708984375;0.0;310.0;9.81335163116455;9.715276034941589e-06
1928.346342254148;1651.5377792285979;inf;350254.4387659;4110.51708984375;0.0;310.0;9.81335163116455;9.718787940259676e-06
1929.4001855161769;1652.61318538955;inf;350176.6784368118;551.0;0.0;0.0;9.81335163116455;0.0
1929.5586026451342;1652.7943139570843;inf;350098.54377427604;551.0;0.0;0.0;9.81335163116455;0.0
1929.717032245318;1652.97545275105;inf;350020.4093751587;551.0;0.0;0.0;9.81335163116455;0.0
1929.8754737096267;1653.1566010676365;inf;349942.2755741867;551.0;0.0;0.0;9.81335163116455;0.0
1930.0339263391922;1653.3377581115694;inf;349864.1427061802;551.0;0.0;0.0;9.81335163116455;0.0
1930.1923894635645;1653.51892311563;inf;349786.0111067379;551.0;0.0;0.0;9.81335163116455;0.0
1930.3508623819941;1653.7000952828375;inf;349707.881111174;551.0;0.0;0.0;9.81335163116455;0.0
1930.509344433872;1653.8812738555644;inf;349629.75305471395;551.0;0.0;0.0;9.81335163116455;0.0
1930.667834952544;1654.0624580703561;inf;349551.62727307866;551.0;0.0;0.0;9.81335163116455;0.0
1930.826333240646;1654.2436471335657;inf;349473.50410235266;551.0;0.0;0.0;9.81335163116455;0.0
1930.9848386087858;1654.424840259116;inf;349395.3838783816;551.0;0.0;0.0;9.81335163116455;0.0
1931.1433503911637;1654.6060366844363;inf;349317.2669372753;551.0;0.0;0.0;9.81335163116455;0.0
1931.3018678975322;1654.7872356225535;inf;349239.1536154264;551.0;0.0;0.0;9.81335163116455;0.0
1931.4603904626883;1654.9684363119939;inf;349161.0442493367;551.0;0.0;0.0;9.81335163116455;0.0
1931.6189174091242;1655.149637977907;inf;349082.9391753926;551.0;0.0;0.0;9.81335163116455;0.0
1931.777448054182;1655.3308398415961;inf;349004.83873056166;551.0;0.0;0.0;9.81335163116455;0.0
1931.935981685325;1655.5120410933619;inf;348926.74325159576;551.0;0.0;0.0;9.81335163116455;0.0
1932.0945176104644;1655.6932409446981;inf;348848.6530756138;551.0;0.0;0.0;9.81335163116455;0.0
1932.253055185962;1655.874438655034;inf;348770.56853998476;551.0;0.0;0.0;9.81335163116455;0.0
1932.4115937027966;1656.0556334188539;inf;348692.4899817739;551.0;0.0;0.0;9.81335163116455;0.0
1932.5701324810573;1656.2368244597378;inf;348614.41773839924;551.0;0.0;0.0;9.81335163116455;0.0
1932.7286708610497;1656.4180110205073;inf;348536.35214756744;551.0;0.0;0.0;9.81335163116455;0.0
1932.887208102007;1656.599192264123;inf;348458.2935471559;551.0;0.0;0.0;9.81335163116455;0.0
1933.0457435826656;1656.7803674728095;inf;348380.24227483536;551.0;0.0;0.0;9.81335163116455;0.0
1933.2042765692395;1656.961535815757;inf;348302.19866876386;551.0;0.0;0.0;9.81335163116455;0.0
1933.3628063917392;1657.1426965265084;inf;348224.1630669909;551.0;0.0;0.0;9.81335163116455;0.0
1933.521332357615;1657.3238488156917;inf;348146.13580791396;551.0;0.0;0.0;9.81335163116455;0.0
1933.6798537835095;1657.5049919030903;inf;348068.11722981266;551.0;0.0;0.0;9.81335163116455;0.0
1933.8383699881979;1657.6861250107263;inf;347990.10767100414;551.0;0.0;0.0;9.81335163116455;0.0
1933.996880242871;1657.8672473129895;inf;347912.1074710386;551.0;0.0;0.0;9.81335163116455;0.0
1934.155383894742;1658.0483580605628;inf;347834.1169678215;551.0;0.0;0.0;9.81335163116455;0.0
1934.3138802395267;1658.229456452598;inf;347756.1365005983;551.0;0.0;0.0;9.81335163116455;0.0
1934.4723685980498;1658.4105417128253;inf;347678.16640830936;551.0;0.0;0.0;9.81335163116455;0.0
1934.6308482526174;1658.5916130268804;inf;347600.20703025744;551.0;0.0;0.0;9.81335163116455;0.0
1934.7893185662494;1658.7726696613477;inf;347522.25870556047;551.0;0.0;0.0;9.81335163116455;0.0
1934.9477787492012;1658.9537107294943;inf;347444.3217738301;551.0;0.0;0.0;9.81335163116455;0.0
1935.1062282122693;1659.1347355455948;inf;347366.39657433017;551.0;0.0;0.0;9.81335163116455;0.0
1935.2646662203438;1659.315743277668;inf;347288.4834469517;551.0;0.0;0.0;9.81335163116455;0.0
1935.4230920665943;1659.4967331219088;inf;347210.5827311503;551.0;0.0;0.0;9.81335163116455;0.0
1935.581505058677;1659.6777042896913;inf;347132.69476712844;551.0;0.0;0.0;9.81335163116455;0.0
1935.7399045073817;1659.8586559949094;inf;347054.8198947074;551.0;0.0;0.0;9.81335163116455;0.0
1935.8982897315852;1660.0395874596336;inf;346976.9584539627;551.0;0.0;0.0;9.81335163116455;0.0
1936.0566599812532;1660.2204978374114;inf;346899.11078502913;551.0;0.0;0.0;9.81335163116455;0.0
1936.215014630633;1660.4013864055503;inf;346821.2772282986;551.0;0.0;0.0;9.81335163116455;0.0
1936.3733529928877;1660.5822523803135;inf;346743.4581242271;551.0;0.0;0.0;9.81335163116455;0.0
1936.5316743183741;1660.76309491572;inf;346665.6538132817;551.0;0.0;0.0;9.81335163116455;0.0
1936.6899779121763;1660.9439132203302;inf;346587.8646358951;551.0;0.0;0.0;9.81335163116455;0.0
1936.8482630834992;1661.124706506343;inf;346510.09093324654;551.0;0.0;0.0;9.81335163116455;0.0
1937.0065291625342;1661.3054740073756;inf;346432.33304558834;551.0;0.0;0.0;9.81335163116455;0.0
1937.164775402897;1661.4862148801565;inf;346354.5913143172;551.0;0.0;0.0;9.81335163116455;0.0
1937.3230011585238;1661.666928382437;inf;346276.86608019297;551.0;0.0;0.0;9.81335163116455;0.0
1937.4812057088484;1661.8476136967042;inf;346199.15768403735;551.0;0.0;0.0;9.81335163116455;0.0
1937.6393883236951;1662.0282699960221;inf;346121.46646755375;551.0;0.0;0.0;9.81335163116455;0.0
1937.7944473588009;1662.2053550894373;inf;346045.31561479496;551.0;0.0;0.0;9.81335163116455;0.0
1937.8998747588776;1662.3257562230997;inf;345993.5428184003;551.0;0.0;0.0;9.81335163116455;0.0
