OrbitalSpeed;SurfaceSpeed;TerminalVelocity;Altitude;Mass;Thrust;SpecificImpulse;SurfaceGravity;AerodynamicForce
174.96629033753433;0.00310666473218392;327.74908447265625;82.3321131876437;48758.08984375;0.0;0.0;9.81335163116455;3.558753427638742e-05
174.96628718192844;0.0031126001749892497;296.4598083496094;82.3321131876437;48758.08984375;0.0;0.0;9.81335163116455;3.589662186931049e-05
174.9662950750187;0.003103424865082621;314.6374206542969;82.3321131876437;48758.08984375;0.0;0.0;9.81335163116455;3.5742981590020824e-05
174.96629850105;0.003102587429611866;320.6434326171875;82.33211283246055;48758.08984375;0.0;0.0;9.81335163116455;3.60688730197699e-05
174.96629710686864;0.0031044802846982903;322.8304138183594;82.33211283246055;48758.08984375;0.0;0.0;9.81335163116455;3.661942548329808e-05
174.96629880436132;0.003099851851777642;281.7771911621094;82.33211318682879;48758.08984375;0.0;0.0;9.81335163116455;3.6298645239709214e-05
174.96628655700434;0.003113364281543948;304.33355712890625;82.33211318682879;48758.08984375;0.0;0.0;9.81335163116455;3.640777492919282e-05
174.96629716808812;0.003100419217011455;276.9673156738281;82.33211318682879;48758.08984375;0.0;0.0;9.81335163116455;3.583640235322328e-05
174.9662953810478;0.0031036892716906593;328.5653076171875;82.33211283246055;48758.08984375;0.0;0.0;9.81335163116455;3.504912432537603e-05
174.96629486819862;0.003108535830564834;328.7171936035156;82.33211283327546;48758.08984375;0.0;0.0;9.81335163116455;3.627978902891311e-05
174.966288433891;0.0031121749314182313;329.7928161621094;82.33211283327546;48758.08984375;0.0;0.0;9.81335163116455;3.584891344903464e-05
174.96629089809986;0.0031058142798498227;326.3028869628906;82.33211283327546;48758.08984375;0.0;0.0;9.81335163116455;3.587698998333756e-05
174.96630117715108;0.0031001282419798157;332.0939025878906;82.33211283327546;48758.08984375;0.0;0.0;9.81335163116455;3.580116937465231e-05
174.96629422427563;0.0031050426147056815;315.6849365234375;82.33211283327546;48758.08984375;0.0;0.0;9.81335163116455;3.538689095323677e-05
174.96629879557793;0.0031031053429687134;329.2911071777344;82.33211318682879;48758.08984375;0.0;0.0;9.81335163116455;3.584057176417964e-05
174.96629905996355;0.0031010032082440125;296.2886657714844;82.33211318682879;48758.08984375;0.0;0.0;9.81335163116455;3.569143091998166e-05
174.96629866698555;0.003100466310962279;322.5040588378906;82.33211318682879;48758.08984375;0.0;0.0;9.81335163116455;3.535725938416709e-05
174.9662981175394;0.0030999772014268976;334.273193359375;82.33211283246055;48758.08984375;0.0;0.0;9.81335163116455;3.5433660061571635e-05
174.9662922552717;0.003109071663075375;315.2532653808594;82.33211283246055;48758.08984375;0.0;0.0;9.81335163116455;3.582086451842397e-05
174.96629258770758;0.003108555780311157;326.05999755859375;82.33211318682879;48758.08984375;0.0;0.0;9.81335163116455;3.5860848549349674e-05
174.96629711078637;0.0031031499367021637;330.185302734375;82.33211318682879;48758.08984375;0.0;0.0;9.81335163116455;3.590149436539047e-05
174.96628787340822;0.0031116236269836894;291.22625732421875;82.3321131876437;48758.08984375;0.0;0.0;9.81335163116455;3.6054608490073464e-05
174.96628638146953;0.003112259265686993;309.2840270996094;82.33211283246055;48758.08984375;0.0;0.0;9.81335163116455;3.632911110211571e-05
174.96628811363863;0.003113668178034423;327.88848876953125;82.33211283327546;48758.08984375;0.0;0.0;9.81335163116455;3.5718014946098815e-05
174.9663059197063;0.0023445920198754823;562.3472290039062;82.36111789720599;48315.76953125;1284881.125;290.2879638671875;9.81335163116455;4.9221544687230603e-05
175.8317787532915;17.64429565382634;596.4996948242188;91.71831020375248;47846.36328125;1285022.125;290.3197937011719;9.81335163116455;394.90010774605
178.42647729089913;35.207282557127634;594.496826171875;118.8362716549309;47385.984375;1285450.125;290.41650390625;9.81335163116455;1597.9271919212147
182.74539611228005;53.017342766913444;592.91357421875;163.99763448664453;46925.61328125;1286161.5;290.57720947265625;9.81335163116455;3630.3082057655433
188.74020667947198;71.06789136550368;592.4166259765625;227.45100669329986;46465.23046875;1287146.125;290.7996826171875;9.81335163116455;6489.5965065367545
196.31851004438693;89.35203273466693;592.771484375;309.4381308122538;46004.859375;1288388.875;291.0804443359375;9.81335163116455;10161.624441431244
205.36597936557934;107.86386724740987;594.219482421875;410.19382209854666;45544.48046875;1289869.5;291.41497802734375;9.81335163116455;14445.808318525209
215.7568560251097;126.60603593967907;596.7378540039062;529.9507602344966;45084.1015625;1291563.875;291.7977600097656;9.81335163116455;18841.309808746642
227.37061590926186;145.58823812648004;600.4546508789062;668.9484882216202;44623.7265625;1293444.5;292.22265625;9.81335163116455;23184.852382885656
240.0942107033977;164.82077886061236;605.44677734375;827.4374382961541;44163.34765625;1295481.75;292.68292236328125;9.81335163116455;27535.786158769777
253.8223251256152;184.31002058407734;611.8746948242188;1005.6769100970123;43702.96875;1297645.0;293.171630859375;9.81335163116455;32146.200968101282
268.4549979142961;204.05396351347486;619.97998046875;1203.928294182173;43242.59765625;1299903.125;293.6817932128906;9.81335163116455;37391.35191676582
283.89858828563723;224.04366355011706;629.7774047851562;1422.4465512325987;42782.21875;1302225.875;294.2065734863281;9.81335163116455;43203.053787311146
300.07973739084906;244.2817008833365;641.374755859375;1661.4826719117118;42321.84375;1304584.875;294.7395324707031;9.81335163116455;48979.468511880106
316.9410720150514;264.7780702490051;655.5629272460938;1921.2945840416942;41861.46484375;1306953.875;295.2747497558594;9.81335163116455;54476.03933225925
334.43842514258944;285.5460924933931;671.8324584960938;2202.152723337873;41401.0859375;1309310.125;295.80712890625;9.81335163116455;59655.109317454306
352.551711665808;306.6164588375607;698.7517700195312;2504.3451714658877;40940.7109375;1311635.125;296.3323974609375;9.81335163116455;62867.692129317315
371.2543048486122;328.0019455761968;717.2496948242188;2828.196636846056;40480.33203125;1313914.0;296.84722900390625;9.81335163116455;67490.93138628674
390.5543197857699;349.74865733431386;752.3603515625;3174.0405095686438;40019.95703125;1316135.5;297.34912109375;9.81335163116455;68914.55994267463
410.43207570700866;371.86398882087286;772.5396728515625;3542.262671757373;39559.58203125;1318292.75;297.83648681640625;9.81335163116455;72987.54681388478
430.8162967625198;394.2960111190983;789.087158203125;3933.2072064331733;39099.203125;1320381.25;298.308349609375;9.81335163116455;77665.01901926582
451.71731448333236;417.078808051951;814.530029296875;4347.20945527358;38638.828125;1322399.75;298.764404296875;9.81335163116455;80498.71562365853
473.17038927216964;440.26977500973436;849.1569213867188;4784.656688523246;38178.44921875;1324349.5;299.2048645019531;9.81335163116455;81431.19719867426
495.2145963142832;463.92620447705576;893.0274047851562;5245.995177398901;37718.07421875;1326232.5;299.63031005859375;9.81335163116455;80628.28799170407
517.8922035905989;488.105534823221;948.1494750976562;5731.729188837111;37257.69921875;1328052.25;300.04144287109375;9.81335163116455;78057.94568390411
541.248240472215;512.8657165720458;1015.9976196289062;6242.422545118374;36797.3203125;1329812.25;300.4390563964844;9.81335163116455;73966.04549673837
565.3207925557923;538.2551356955375;1096.422119140625;6778.693954754504;36336.9453125;1331515.25;300.8238220214844;9.81335163116455;68921.54810977017
590.1317895584589;564.3036607135324;1185.666015625;7341.202664961107;35876.56640625;1333163.125;301.19610595703125;9.81335163116455;63801.743427687376
615.6763328746127;591.0121277640432;1272.404296875;7930.624254534603;35416.19140625;1334756.125;301.5560302734375;9.81335163116455;59836.47458129701
641.911878287492;618.3417242920415;1338.2977294921875;8547.615062391502;34955.8125;1336292.875;301.9031982421875;9.81335163116455;58288.96526270051
668.8082805415298;646.2665804860525;1410.840087890625;9192.78759377217;34495.4375;1337765.25;302.23583984375;9.81335163116455;56394.422098441486
696.4051767375647;674.8330336275865;1497.8656005859375;9866.772561502876;34035.0625;1339144.625;302.5475158691406;9.81335163116455;53794.212856627775
724.7039393921657;704.0468591079155;1594.030517578125;10570.231723370962;33574.68359375;1340426.375;302.8370666503906;9.81335163116455;52208.29667635582
753.687276066419;733.8941876546104;1700.73095703125;11303.816842707689;33114.30859375;1341610.875;303.1047058105469;9.81335163116455;51227.98347278828
783.360117919461;764.3838157955843;1819.2950439453125;12068.176537851803;32653.9296875;1342697.875;303.3502502441406;9.81335163116455;50098.45563824852
813.7473325259284;795.5445824622656;1951.479248046875;12863.97940510267;32193.552734375;1343687.875;303.57391357421875;9.81335163116455;48318.10981063282
844.8867990371413;827.4182084669835;2099.304443359375;13691.930774842738;31733.17578125;1344582.25;303.7760009765625;9.81335163116455;45651.84372177971
876.8227092154505;860.0523629051252;2265.6328125;14552.78214808146;31272.798828125;1345385.25;303.9573974609375;9.81335163116455;42074.915075387304
909.5959457082491;893.4908787150838;2452.73095703125;15447.333102227887;30812.421875;1346097.625;304.11834716796875;9.81335163116455;38069.13652138182
943.2285142099149;927.7579701185491;2665.725830078125;16376.417778793722;30352.044921875;1346722.75;304.25958251953125;9.81335163116455;34126.51279272882
977.7399774851175;962.8751679544296;2911.134033203125;17340.892208771664;29891.66796875;1347268.375;304.38287353515625;9.81335163116455;30260.90735625469
1013.1462059972338;998.8600442951396;3188.56640625;18341.63290168543;29431.29296875;1347740.375;304.489501953125;9.81335163116455;26640.691948809468
1049.4609233229744;1035.7278641606986;3500.365966796875;19379.532715242123;28970.9140625;1348142.125;304.5802307128906;9.81335163116455;23318.240896277992
1086.6976354970357;1073.493549679688;3850.00732421875;20455.499787530163;28510.537109375;1348480.375;304.65667724609375;9.81335163116455;20307.227983165874
1124.87160031794;1112.1736975857523;4247.41455078125;21570.45811793278;28050.162109375;1348766.0;304.72119140625;9.81335163116455;17556.947386537453
1164.0012902212575;1151.7880597251924;4704.634765625;22725.350359834614;27589.78515625;1349007.125;304.7756652832031;9.81335163116455;15040.224857033558
1204.105762293307;1192.356873761221;5225.8125;23921.13975971332;27129.408203125;1349206.5;304.82073974609375;9.81335163116455;12796.720478008705
1245.2040527524346;1233.9002829873177;5813.072265625;25158.810117774992;26669.03125;1349368.375;304.8572998046875;9.81335163116455;10844.135940915605
1287.3172877034654;1276.4404392340482;6494.79248046875;26439.366423662286;26208.654296875;1349498.75;304.8867492675781;9.81335163116455;9098.791304488774
1330.4722271501744;1320.00510525732;7306.3876953125;27763.839361787424;25748.27734375;1349605.125;304.9107666015625;9.81335163116455;7522.020958232431
1374.6955617741114;1364.6219126482606;8250.7265625;29133.28814541106;25287.900390625;1349691.0;304.9302062988281;9.81335163116455;6164.6328580418885
1420.0147296644311;1410.319134614968;9327.0400390625;30548.800347671146;24827.5234375;1349759.0;304.945556640625;9.81335163116455;5036.036912255776
1466.4590363207533;1457.1268821879758;10531.7763671875;32011.49326413707;24367.146484375;1349811.625;304.95745849609375;9.81335163116455;4119.059531292085
1514.0609939225474;1505.0784318890712;11893.419921875;33522.51640256157;23906.771484375;1349852.625;304.9667053222656;9.81335163116455;3364.799879401849
1562.8578038465585;1554.2116935626814;13498.6025390625;35083.05558997893;23446.392578125;1349886.0;304.9742431640625;9.81335163116455;2718.44794199493
1612.8899331114947;1604.5678477293886;15362.2998046875;36694.3372131536;22986.017578125;1349912.5;304.980224609375;9.81335163116455;2182.0985091210155
1664.2003545745831;1656.1904837252032;17426.787109375;38357.63092032401;22525.640625;1349932.875;304.9848327636719;9.81335163116455;1761.201926197908
1716.83417467508;1709.125320113394;19572.384765625;40074.251881399774;22065.263671875;1349948.25;304.9883117675781;9.81335163116455;1448.7324001604975
1770.8414833551597;1763.4229975843762;21904.599609375;41845.56426973664;21604.88671875;1349960.375;304.99102783203125;9.81335163116455;1198.9950867400378
1826.2767869522918;1819.1385674763549;24567.84375;43672.9862796379;21144.509765625;1349970.25;304.9932861328125;9.81335163116455;987.0806733383622
1883.1995291357807;1876.3319810637552;27711.794921875;45557.994833125966;20684.1328125;1349978.125;304.99505615234375;9.81335163116455;801.3082819166724
1879.7862045016238;1872.9621458661923;31713.453125;47472.37163597962;20648.01953125;0.0;304.99639892578125;9.81335163116455;609.3298560832595
1871.224141692978;1864.4250179392336;36427.94921875;49378.14839661156;20648.01953125;0.0;304.9974060058594;9.81335163116455;465.7994449513554
1862.7181608790875;1855.9443296307572;42071.68359375;51275.2303668994;20648.01953125;0.0;304.9981384277344;9.81335163116455;356.4264557330837
1854.7619087329274;1848.012201405814;48340.21484375;53052.826670892304;20648.01953125;0.0;304.9986877441406;9.81335163116455;275.96062292049385
1846.1949808874588;1839.4717503708503;56262.11328125;54969.97255407798;20648.01953125;0.0;304.9990539550781;9.81335163116455;207.92204008090573
1837.8442260823645;1831.1473036339132;65469.0234375;56841.631519144285;20648.01953125;0.0;304.99932861328125;9.81335163116455;155.80950643365367
1829.693152155458;1823.0232310825747;75007.828125;58711.72537300049;7458.08544921875;0.0;0.0;9.81335163116455;43.4970525183471
1821.4404881043752;1814.7975421382473;89673.125;60566.62012140092;7458.08544921875;0.0;0.0;9.81335163116455;32.98565556519116
1813.2352321146204;1806.619585793128;108481.3984375;62413.12952809746;7458.08544921875;0.0;0.0;9.81335163116455;25.15544323249064
1805.0765802205299;1798.4885562804607;136040.078125;64251.30124974495;7458.08544921875;0.0;0.0;9.81335163116455;17.888487364829267
1796.9639646999049;1790.4038849389515;188508.03125;66081.18226457329;7458.08544921875;0.0;0.0;9.81335163116455;10.346141332127585
1788.8967822787286;1782.3649675474903;330629.84375;67902.81897918158;7458.08544921875;0.0;0.0;9.81335163116455;3.9140029640530405
1780.8741948963177;1774.3709636289022;2108503.0;69716.257064573;7458.08544921875;0.0;0.0;9.81335163116455;0.12473756868920446
1772.8954791602127;1766.4211436134465;inf;71521.5976502978;7458.08544921875;0.0;0.0;9.81335163116455;1.3595735256269496e-05
1764.9596900215859;1758.514561471874;inf;73318.85151020729;7458.08544921875;0.0;0.0;9.81335163116455;1.3591791608151497e-05
1757.066172049125;1750.6505621072288;inf;75108.03835221357;7458.08544921875;0.0;0.0;9.81335163116455;1.3586416363993864e-05
1749.2144033211475;1742.8286230518966;inf;76889.20078062231;7458.08544921875;0.0;0.0;9.81335163116455;1.3582819835316139e-05
1741.4038710400491;1735.0482309841043;inf;78662.38087185565;7458.08544921875;0.0;0.0;9.81335163116455;1.3580630745154786e-05
1733.6340711593084;1727.3088813435766;inf;80427.62018829782;7458.08544921875;0.0;0.0;9.81335163116455;1.3577257857265202e-05
1725.9045080367455;1719.610078015261;inf;82184.95978390449;7458.08544921875;0.0;0.0;9.81335163116455;1.3572537099299975e-05
1718.2146945856055;1711.951333439954;inf;83934.4402141379;7458.08544921875;0.0;0.0;9.81335163116455;1.356847079162687e-05
1710.564151704348;1704.3321680697177;inf;85676.10154136666;7458.08544921875;0.0;0.0;9.81335163116455;1.3565549191737488e-05
1702.9524084177;1696.7521105035455;inf;87409.98334901535;7458.08544921875;0.0;0.0;9.81335163116455;1.3562281186345788e-05
1695.3790015099967;1689.2106971140695;inf;89136.12474217336;7458.08544921875;0.0;0.0;9.81335163116455;1.3558015727838356e-05
1687.8434754510008;1681.7074719859545;inf;90854.56436105527;7458.08544921875;0.0;0.0;9.81335163116455;1.355381168131151e-05
1680.345382078923;1674.2419866037756;inf;92565.3403872844;7458.08544921875;0.0;0.0;9.81335163116455;1.35503705643821e-05
1672.8842807921822;1666.813800011992;inf;94268.49054900627;7458.08544921875;0.0;0.0;9.81335163116455;1.354697835321696e-05
1665.4597379455486;1659.4224782317638;inf;95964.05213248788;7458.08544921875;0.0;0.0;9.81335163116455;1.3542957148387912e-05
1658.0713268584238;1652.0675942791486;inf;97652.06198549096;7458.08544921875;0.0;0.0;9.81335163116455;1.353875304247422e-05
1650.7186279354833;1644.748728278842;inf;99332.55652498128;7458.08544921875;0.0;0.0;9.81335163116455;1.3534977696720368e-05
1643.4001489055584;1637.4666171760364;inf;101005.57207614393;7458.08544921875;0.0;0.0;9.81335163116455;1.4080142141224883e-05
1636.1176345718743;1630.2185564734796;inf;102671.14412000927;7458.08544921875;0.0;0.0;9.81335163116455;1.4081562311541154e-05
1628.8696130148326;1623.0052936338998;inf;104329.30758518726;7458.08544921875;0.0;0.0;9.81335163116455;1.4082843312506398e-05
1621.6556905676157;1615.8264347765546;inf;105980.0972355837;7458.08544921875;0.0;0.0;9.81335163116455;1.4084261066037431e-05
1614.4754796077395;1608.681592088055;inf;107623.54744028265;7458.08544921875;0.0;0.0;9.81335163116455;1.4085818787504054e-05
1607.3285987939232;1601.5703840661856;inf;109259.69217562396;7458.08544921875;0.0;0.0;9.81335163116455;1.4087290791026886e-05
1600.353846859933;1594.630900936291;inf;110856.69603346044;7458.08544921875;0.0;0.0;9.81335163116455;1.408861169807514e-05
1593.271870075456;1587.5851995768364;inf;112478.47184590914;7458.08544921875;0.0;0.0;9.81335163116455;1.4090004885938019e-05
1586.2221211145443;1580.5720301739714;inf;114093.04119371658;7458.08544921875;0.0;0.0;9.81335163116455;1.4091502912357303e-05
1579.2042414841314;1573.59103413414;inf;115700.43655684043;7458.08544921875;0.0;0.0;9.81335163116455;1.40929895571806e-05
1572.2178780003253;1566.641858215537;inf;117300.69005330291;7458.08544921875;0.0;0.0;9.81335163116455;1.4094391766929167e-05
1565.26268283091;1559.72415452933;inf;118893.83344388264;7458.08544921875;0.0;0.0;9.81335163116455;1.4095786934737891e-05
1558.3383135648285;1552.8375806291615;inf;120479.89814038668;7458.08544921875;0.0;0.0;9.81335163116455;1.4097249192027982e-05
1551.4444327233646;1545.9817990300048;inf;122058.91520570486;7458.08544921875;0.0;0.0;9.81335163116455;1.4098729814239645e-05
1544.5807079167607;1539.156477353129;inf;123630.91536555637;7458.08544921875;0.0;0.0;9.81335163116455;1.410016322800962e-05
1537.7468117448607;1532.3612882282218;inf;125195.92900544882;7458.08544921875;0.0;0.0;9.81335163116455;1.4101574647759306e-05
1530.9424216583284;1525.5959091572777;inf;126753.98618505208;7458.08544921875;0.0;0.0;9.81335163116455;1.4103022038213145e-05
1524.2997882653588;1518.9918170038286;inf;128274.76870233403;7458.08544921875;0.0;0.0;9.81335163116455;1.4104466090264183e-05
1517.5528981714992;1512.2845401123716;inf;129819.13679220714;7458.08544921875;0.0;0.0;9.81335163116455;1.410591387822278e-05
1510.8345804950868;1505.6061398722138;inf;131356.63608886278;7458.08544921875;0.0;0.0;9.81335163116455;1.4107343949671167e-05
1504.2754386747572;1499.0864282672017;inf;132857.3480145292;7458.08544921875;0.0;0.0;9.81335163116455;1.4108758686688453e-05
1497.6128120294306;1492.4643219605352;inf;134381.32906711602;7458.08544921875;0.0;0.0;9.81335163116455;1.411022441818726e-05
1490.9778639610802;1485.8701989137026;inf;135898.52622294857;7458.08544921875;0.0;0.0;9.81335163116455;1.4111683763503133e-05
1484.3703031482928;1479.3037679959648;inf;137408.96736655978;7458.08544921875;0.0;0.0;9.81335163116455;1.4113126560661943e-05
1477.7898422933597;1472.764742134999;inf;138912.6800876545;7458.08544921875;0.0;0.0;9.81335163116455;1.4114572450340715e-05
1471.2361982635489;1466.252838411675;inf;140409.69168437668;7458.08544921875;0.0;0.0;9.81335163116455;1.4116036721738379e-05
1464.7090919155125;1459.7677779497408;inf;141900.02917227824;7458.08544921875;0.0;0.0;9.81335163116455;1.4117501426961646e-05
1458.208248011871;1453.3092857784834;inf;143383.7192807094;7458.08544921875;0.0;0.0;9.81335163116455;1.4118954693997596e-05
1451.7333951167193;1446.8770907684006;inf;144860.7884624711;7458.08544921875;0.0;0.0;9.81335163116455;1.4120410375605632e-05
1445.2842656876928;1440.4709256979863;inf;146331.26289495698;7458.08544921875;0.0;0.0;9.81335163116455;1.4121873197271992e-05
1438.8605957852212;1434.090526963256;inf;147795.16848567454;7458.08544921875;0.0;0.0;9.81335163116455;1.4123343037737502e-05
1432.4621251570113;1427.7356346796407;inf;149252.5308744558;7458.08544921875;0.0;0.0;9.81335163116455;1.412480864455605e-05
1426.0885971093644;1421.4059925354516;inf;150703.37543804373;7458.08544921875;0.0;0.0;9.81335163116455;1.4126275287773405e-05
1419.8640098202386;1415.224729602907;inf;152119.46891655412;7458.08544921875;0.0;0.0;9.81335163116455;1.4127712609477422e-05
1413.5391340161016;1408.9443500071457;inf;153557.47950520832;7458.08544921875;0.0;0.0;9.81335163116455;1.4129186142753212e-05
1407.2384563436933;1402.6884773863567;inf;154989.0463727758;7458.08544921875;0.0;0.0;9.81335163116455;1.4130664011572078e-05
1400.961733676428;1396.456869077038;inf;156414.19388263603;7458.08544921875;0.0;0.0;9.81335163116455;1.4132136960776934e-05
1394.7087262559526;1390.249285821962;inf;157832.946150976;7458.08544921875;0.0;0.0;9.81335163116455;1.4133613233349515e-05
1388.4791973964882;1384.065491467409;inf;159245.32705124223;7458.08544921875;0.0;0.0;9.81335163116455;1.4135094259386889e-05
1382.272913741069;1377.9052531974774;inf;160651.3602165801;7458.08544921875;0.0;0.0;9.81335163116455;1.413657683839749e-05
1376.2106656866536;1371.888450012671;inf;162023.68441340455;7458.08544921875;0.0;0.0;9.81335163116455;1.4138029904838228e-05
1370.049739588497;1365.7741866465879;inf;163417.21539920685;7458.08544921875;0.0;0.0;9.81335163116455;1.4139516986677734e-05
1363.9113809693556;1359.6828033998831;inf;164804.46769768535;7458.08544921875;0.0;0.0;9.81335163116455;1.4141007652163317e-05
1357.7953683903252;1353.6140794678236;inf;166185.4640193357;7458.08544921875;0.0;0.0;9.81335163116455;1.4142497067566726e-05
1351.701483262595;1347.567796926525;inf;167560.226849403;7458.08544921875;0.0;0.0;9.81335163116455;1.4143991502707821e-05
1345.6295098384423;1341.5437407117663;inf;168928.77845282073;7458.08544921875;0.0;0.0;9.81335163116455;1.4145488847423859e-05
1339.5792352592007;1335.541698682601;inf;170291.14087362983;7458.08544921875;0.0;0.0;9.81335163116455;1.4146984213289006e-05
1333.55044922248;1329.5614612640547;inf;171647.335941485;7458.08544921875;0.0;0.0;9.81335163116455;1.4148487085913964e-05
1327.542944233425;1323.6028217392818;inf;172997.38527228893;7458.08544921875;0.0;0.0;9.81335163116455;1.414999039657575e-05
1321.5565155046356;1317.6655761057361;inf;174341.31026966148;7458.08544921875;0.0;0.0;9.81335163116455;1.4151497290433815e-05
1315.7077330137777;1311.8653214713806;inf;175652.9588590121;7458.08544921875;0.0;0.0;9.81335163116455;1.415297852348802e-05
1309.7624490682215;1305.9698520814143;inf;176984.81763541012;7458.08544921875;0.0;0.0;9.81335163116455;1.4154486241121045e-05
1303.8376460342618;1300.0951837418977;inf;178310.61465233937;7458.08544921875;0.0;0.0;9.81335163116455;1.4156003519278991e-05
1297.9331291771373;1294.2411226073868;inf;179630.370502298;7458.08544921875;0.0;0.0;9.81335163116455;1.4157519008703882e-05
1292.048706187069;1288.4074773035993;inf;180944.10558005027;7458.08544921875;0.0;0.0;9.81335163116455;1.4159041738571415e-05
1286.1841872067046;1282.594058908931;inf;182251.84008377267;7458.08544921875;0.0;0.0;9.81335163116455;1.4160562938477014e-05
1280.33938462229;1276.8006807917957;inf;183553.59401987318;7458.08544921875;0.0;0.0;9.81335163116455;1.4162090397463553e-05
1274.6281476238016;1271.1401753193059;inf;184824.03666323866;7458.08544921875;0.0;0.0;9.81335163116455;1.4163591468891656e-05
1268.8218468570585;1265.3859434300082;inf;186114.00502837508;7458.08544921875;0.0;0.0;9.81335163116455;1.4165121234951034e-05
1263.0347171076246;1259.6512095200328;inf;187398.05133109074;7458.08544921875;0.0;0.0;9.81335163116455;1.4166657842657856e-05
1257.2665798288133;1253.9357961291798;inf;188676.19483073452;7458.08544921875;0.0;0.0;9.81335163116455;1.4168199300306268e-05
1251.517258652279;1248.2395280102205;inf;189948.45460793085;7458.08544921875;0.0;0.0;9.81335163116455;1.416974012453177e-05
1245.7865793358305;1242.562232082309;inf;191214.84956174274;7458.08544921875;0.0;0.0;9.81335163116455;1.4171284548054963e-05
1240.0743697143064;1236.903737372915;inf;192475.39841458842;7458.08544921875;0.0;0.0;9.81335163116455;1.4172832462564e-05
1234.3804597747483;1231.263875060154;inf;193730.11971150362;7458.08544921875;0.0;0.0;9.81335163116455;1.4174389213920066e-05
1228.704681495931;1225.6424783668328;inf;194979.03182801837;7458.08544921875;0.0;0.0;9.81335163116455;1.4175944566185951e-05
1223.0468687777827;1220.0393824838811;inf;196222.1529657417;7458.08544921875;0.0;0.0;9.81335163116455;1.4177497900306315e-05
1217.4068576648133;1214.4544247446358;inf;197459.5011569725;7458.08544921875;0.0;0.0;9.81335163116455;1.4179062286099492e-05
1211.784485994825;1208.8874443428492;inf;198691.09426897578;7458.08544921875;0.0;0.0;9.81335163116455;1.4180632851154495e-05
1206.1795935724824;1203.3382824559374;inf;199916.95000069763;7458.08544921875;0.0;0.0;9.81335163116455;1.4182201306841243e-05
1200.5920221562671;1197.8067822348091;inf;201137.08589042164;7458.08544921875;0.0;0.0;9.81335163116455;1.4183775024351426e-05
1195.021615183837;1192.2927885783597;inf;202351.51931278734;7458.08544921875;0.0;0.0;9.81335163116455;1.418535112424822e-05
1189.468218130616;1186.7961484313746;inf;203560.26748383406;7458.08544921875;0.0;0.0;9.81335163116455;1.418693390483507e-05
1183.9316781215398;1181.316710420813;inf;204763.34746217646;7458.08544921875;0.0;0.0;9.81335163116455;1.4188520329075305e-05
1178.4118441438723;1175.8543250865212;inf;205960.77614736918;7458.08544921875;0.0;0.0;9.81335163116455;1.419010893585143e-05
1172.9085668526277;1170.4088446591047;inf;207152.57028979657;7458.08544921875;0.0;0.0;9.81335163116455;1.4191701522635106e-05
1167.4216986611311;1164.980123170933;inf;208338.74648218835;7458.08544921875;0.0;0.0;9.81335163116455;1.419329986329941e-05
1161.951093618638;1159.5680163404975;inf;209519.32116947533;7458.08544921875;0.0;0.0;9.81335163116455;1.419490111828044e-05
1156.496607591864;1154.1723817099137;inf;210694.31064698193;7458.08544921875;0.0;0.0;9.81335163116455;1.419650696715493e-05
1151.0580979694544;1148.7930784090981;inf;211863.7310595184;7458.08544921875;0.0;0.0;9.81335163116455;1.4198115408436358e-05
1145.6354237287237;1143.4299671840856;inf;213027.5984109646;7458.08544921875;0.0;0.0;9.81335163116455;1.4199730653878486e-05
1140.2284454896044;1138.0829104565894;inf;214185.9285566907;7458.08544921875;0.0;0.0;9.81335163116455;1.4201344512093441e-05
1134.8370255059515;1132.7517723402611;inf;215338.73720971274;7458.08544921875;0.0;0.0;9.81335163116455;1.4202969479167158e-05
1129.4610275326163;1127.4364184785506;inf;216486.03994422453;7458.08544921875;0.0;0.0;9.81335163116455;1.420459618634013e-05
1124.2052826589784;1122.2404821358637;inf;217605.5163932928;7458.08544921875;0.0;0.0;9.81335163116455;1.42061962448708e-05
1118.859430041423;1116.9559967554326;inf;218741.96066192666;7458.08544921875;0.0;0.0;9.81335163116455;1.4207830346832709e-05
1113.5286022547823;1111.686904326231;inf;219872.94460136897;7458.08544921875;0.0;0.0;9.81335163116455;1.4209470185390389e-05
1108.2126690102511;1106.4330766281143;inf;220998.48323749995;7458.08544921875;0.0;0.0;9.81335163116455;1.4211117685133579e-05
1102.91150141927;1101.1943868719857;inf;222118.59146216;7458.08544921875;0.0;0.0;9.81335163116455;1.4212764114846555e-05
1097.6249720599913;1095.970709781959;inf;223233.2840352232;7458.08544921875;0.0;0.0;9.81335163116455;1.421441832943061e-05
1092.3529548809618;1090.7619214944807;inf;224342.57558437495;7458.08544921875;0.0;0.0;9.81335163116455;1.4216078083096992e-05
1087.0953251596861;1085.5678995346927;inf;225446.48060908506;7458.08544921875;0.0;0.0;9.81335163116455;1.4217739612969483e-05
1081.8519596755768;1080.388522966385;inf;226545.0134789839;7458.08544921875;0.0;0.0;9.81335163116455;1.421940999328883e-05
1076.6227363939008;1075.2236720866324;inf;227638.18843679293;7458.08544921875;0.0;0.0;9.81335163116455;1.422108260212493e-05
1071.4075346768466;1070.0732286516547;inf;228726.01960109442;7458.08544921875;0.0;0.0;9.81335163116455;1.4222758735198668e-05
1066.2062352924029;1064.937075851947;inf;229808.52096652356;7458.08544921875;0.0;0.0;9.81335163116455;1.4224444733315624e-05
1061.0187201571287;1059.815098099064;inf;230885.7064016813;7458.08544921875;0.0;0.0;9.81335163116455;1.4226132777442347e-05
1055.8448724455411;1054.7071810928303;inf;231957.589656009;7458.08544921875;0.0;0.0;9.81335163116455;1.422782238828379e-05
1050.6845766872975;1049.6132119604383;inf;233024.18435801065;7458.08544921875;0.0;0.0;9.81335163116455;1.4229523875605025e-05
1045.6385089886546;1044.6325572546325;inf;234064.74444316304;7458.08544921875;0.0;0.0;9.81335163116455;1.4231192381114352e-05
1040.504715357179;1039.5658821526026;inf;235120.90548877814;7458.08544921875;0.0;0.0;9.81335163116455;1.4232901339607032e-05
1035.3841367062205;1034.5128259766145;inf;236171.81789593678;7458.08544921875;0.0;0.0;9.81335163116455;1.423461449589904e-05
1030.2766622535173;1029.473280745871;inf;237217.49482452334;7458.08544921875;0.0;0.0;9.81335163116455;1.423633300722255e-05
1025.1821825971697;1024.4471399326303;inf;238257.94931944902;7458.08544921875;0.0;0.0;9.81335163116455;1.4238059162939921e-05
1020.1005893457931;1019.4342980475237;inf;239293.19431381696;7458.08544921875;0.0;0.0;9.81335163116455;1.4239787870881455e-05
1015.047401060735;1014.4717140268656;inf;240323.24811952817;7457.2109375;0.0;0.0;9.81335163116455;1.4149935410963365e-05
1010.067574083057;1009.6137225603995;inf;241348.189376825;7455.14990234375;0.0;0.0;9.81335163116455;1.2805831583379394e-05
1004.9234263142381;1004.5379832424975;inf;242367.968676829;7453.326171875;0.0;0.0;9.81335163116455;8.906105162639003e-06
999.7577991740275;999.4365738058588;inf;243382.45180968032;7452.17724609375;0.0;0.0;9.81335163116455;6.143385436051697e-06
994.6436853444916;994.3947936182393;inf;244391.6710389112;7451.2216796875;0.0;0.0;9.81335163116455;6.925306223151798e-06
989.5678240107535;989.3940481846677;inf;245395.67392224027;7450.666015625;0.0;0.0;9.81335163116455;7.66805273056259e-06
984.5261991897798;984.4273282853002;inf;246394.49872548832;7450.4228515625;0.0;0.0;9.81335163116455;7.580538675326855e-06
979.562334468397;979.535479349391;inf;247388.19793188432;7450.32421875;0.0;0.0;9.81335163116455;7.333321483339407e-06
974.608481422312;974.654272772937;inf;248376.8260653892;7450.2607421875;0.0;0.0;9.81335163116455;7.5597541553528306e-06
969.6300908676548;969.749647246485;inf;249360.36411976325;7450.19775390625;0.0;0.0;9.81335163116455;7.498553663936424e-06
964.6816396860391;964.8751042687901;inf;250338.81365986238;7450.19287109375;0.0;0.0;9.81335163116455;7.493962833172902e-06
959.7553455451664;960.0230287186059;inf;251312.20549838326;7450.16455078125;0.0;0.0;9.81335163116455;7.418173569116587e-06
954.8317228135977;955.1742012292752;inf;252280.54984179593;7450.16455078125;0.0;0.0;9.81335163116455;7.513090895605915e-06
949.9195792702212;950.3373162116958;inf;253243.85430116428;7450.16455078125;0.0;0.0;9.81335163116455;7.5024239817237295e-06
945.0188222967035;945.5122850316184;inf;254202.13023008232;7450.16455078125;0.0;0.0;9.81335163116455;7.457053350179963e-06
940.1293602652644;940.6990201214028;inf;255155.38888405997;7450.16455078125;0.0;0.0;9.81335163116455;7.439982369711208e-06
923.2194691180805;924.0577276981589;inf;258430.1791139968;7450.16455078125;0.0;0.0;9.81335163116455;7.449541574856508e-06
876.609658861019;878.2313082186923;inf;267272.5285727114;7450.16455078125;0.0;0.0;9.81335163116455;7.449541574856508e-06
829.6666492970552;832.1472591700705;inf;275886.8762370666;7450.16455078125;0.0;0.0;9.81335163116455;7.449541574856508e-06
783.6585343990714;787.0580930319245;inf;284023.92440112354;7450.16455078125;0.0;0.0;9.81335163116455;7.449541574856506e-06
738.5179810179378;742.9038848221697;inf;291692.4077598583;7450.16455078125;0.0;0.0;9.81335163116455;7.449541574856505e-06
694.1847359322124;699.6335063419431;inf;298900.3403404271;7450.16455078125;0.0;0.0;9.81335163116455;7.449541574856508e-06
650.6054094362098;657.204873273856;inf;305655.0688113308;7450.16455078125;0.0;0.0;9.81335163116455;7.449541574856508e-06
607.7335208424348;615.5856080449671;inf;311963.3194038335;7450.16455078125;0.0;0.0;9.81335163116455;7.449541574856507e-06
565.5298757507095;574.7542466714855;inf;317831.2394271102;7450.16455078125;0.0;0.0;9.81335163116455;7.4495415748565085e-06
523.9633956010364;534.702192039922;inf;323264.43377168325;7450.16455078125;0.0;0.0;9.81335163116455;7.449541574856506e-06
483.0126034215062;495.4367310551977;inf;328267.9971661393;7450.16455078125;0.0;0.0;9.81335163116455;7.449541574856508e-06
443.4533420923245;457.7314344670606;inf;332760.8253090825;7450.16455078125;0.0;0.0;9.81335163116455;7.449541574856506e-06
403.7097335957914;420.1320160274038;inf;336926.7243023298;7450.16455078125;0.0;0.0;9.81335163116455;7.449541574856506e-06
364.6081167073797;383.4929082745673;inf;340675.41453992995;7450.16455078125;0.0;0.0;9.81335163116455;7.449541574856506e-06
326.21181480629997;347.9600435669564;inf;344010.21028158907;7450.16455078125;0.0;0.0;9.81335163116455;7.449541574856508e-06
288.6379207102572;313.75772835620506;inf;346934.02675194165;7450.16455078125;0.0;0.0;9.81335163116455;7.449541574856506e-06
255.10956299234064;283.8784205931925;inf;349254.14576358546;7450.16455078125;0.0;0.0;9.81335163116455;7.449541574856508e-06
246.55640647336264;276.37756059294907;inf;349801.8613204255;7450.16455078125;0.0;0.0;9.81335163116455;6.942569220663402e-06
242.99259482451464;273.26890332055115;inf;350024.74452365655;7450.16455078125;0.0;0.0;9.81335163116455;6.962907525616528e-06
239.44372882669396;270.1835347715284;inf;350243.57003608963;7450.16455078125;0.0;0.0;9.81335163116455;6.9819467237367825e-06
235.91035792109767;267.1221512223971;inf;350458.33972222114;7450.16455078125;0.0;0.0;9.81335163116455;7.008888526622078e-06
232.3941936918522;264.0864266063053;inf;350669.05583999597;7450.16064453125;0.0;0.0;9.81335163116455;7.033834023144865e-06
228.89359046173647;261.0752073887461;inf;350875.7206129973;7450.16064453125;0.0;0.0;9.81335163116455;7.060307033332136e-06
225.41033662820814;258.0902341695124;inf;351078.3349421198;7450.16064453125;0.0;0.0;9.81335163116455;7.090398816608383e-06
221.9451267075573;255.13232144865685;inf;351276.90055117465;7450.16064453125;0.0;0.0;9.81335163116455;7.123792407453439e-06
218.49869753039334;252.20231577418605;inf;351471.4191264347;7450.16064453125;0.0;0.0;9.81335163116455;7.158974735097995e-06
215.07183099506943;249.30109645967397;inf;351661.89232034597;7450.16064453125;0.0;0.0;9.81335163116455;7.19575968453281e-06
211.66535720444796;246.42957678335193;inf;351848.32174860593;7450.16064453125;0.0;0.0;9.81335163116455;7.236052552766056e-06
208.28015735179704;243.58870475805546;inf;352030.7089927177;7450.16064453125;0.0;0.0;9.81335163116455;7.280687942873364e-06
204.98288854303152;240.83423673619754;inf;352205.597434134;7450.16064453125;0.0;0.0;9.81335163116455;7.327375714367108e-06
201.64263721061158;238.0569972351642;inf;352379.9840984711;7450.16064453125;0.0;0.0;9.81335163116455;7.377129251556041e-06
198.3266240664642;235.31344547870063;inf;352550.3330829843;7450.16064453125;0.0;0.0;9.81335163116455;7.43049068527908e-06
195.0359695154915;232.60467613563364;inf;352716.6458290274;7450.16064453125;0.0;0.0;9.81335163116455;7.488874002638332e-06
191.77186400364428;229.93182234252322;inf;352878.9237437624;7450.16064453125;0.0;0.0;9.81335163116455;7.551582680325028e-06
188.53557252204857;227.29605637859922;inf;353037.1681989067;7450.16064453125;0.0;0.0;9.81335163116455;7.6175199763485405e-06
185.3284392529725;224.69858997798616;inf;353191.38053260953;7450.16064453125;0.0;0.0;9.81335163116455;7.68748963999968e-06
182.15189250706882;222.14067471299188;inf;353341.56204641063;7450.16064453125;0.0;0.0;9.81335163116455;7.762963303308147e-06
179.007449867215;219.62360207459963;inf;353487.71400990593;7450.16064453125;0.0;0.0;9.81335163116455;7.843905734941782e-06
175.89672357456138;217.14870334108787;inf;353629.83765369956;7450.16064453125;0.0;0.0;9.81335163116455;7.929354727157097e-06
172.82142595667085;214.71734943941695;inf;353767.9341771535;7450.16064453125;0.0;0.0;9.81335163116455;8.019563147203153e-06
169.78337517900786;212.3309504941223;inf;353902.0047458849;7450.16064453125;0.0;0.0;9.81335163116455;8.11575652575592e-06
166.7845009409736;209.99095494601795;inf;354032.0504882075;7450.16064453125;0.0;0.0;9.81335163116455;8.218322306164308e-06
163.82685042299374;207.69884872774955;inf;354158.07249983004;7450.16064453125;0.0;0.0;9.81335163116455;8.326622469374354e-06
160.96930478722587;205.49964360176227;inf;354277.7183563333;7450.16064453125;0.0;0.0;9.81335163116455;8.438259699773462e-06
158.09982283618473;203.30690235716943;inf;354395.77490254503;7450.16064453125;0.0;0.0;9.81335163116455;8.55851146686179e-06
155.2784189043529;201.16668690163394;inf;354509.8107794246;7450.16064453125;0.0;0.0;9.81335163116455;8.68574832545788e-06
152.50766351679732;199.08061610426515;inf;354619.826945444;7450.16064453125;0.0;0.0;9.81335163116455;8.819649765789884e-06
149.79027126463407;197.0503363445736;inf;354725.8243264874;7450.16064453125;0.0;0.0;9.81335163116455;8.95988879299828e-06
147.12910469940206;195.07751840686635;inf;354827.8038136937;7450.16064453125;0.0;0.0;9.81335163116455;9.10687518350376e-06
144.52717754046458;193.16385371932364;inf;354925.766262033;7450.16064453125;0.0;0.0;9.81335163116455;9.261027489969965e-06
141.98765645784027;191.311050410226;inf;355019.71249460755;7450.16064453125;0.0;0.0;9.81335163116455;9.42214232550831e-06
139.56171378922465;189.5553185242925;inf;355107.91854493006;7450.16064453125;0.0;0.0;9.81335163116455;9.586441255523952e-06
137.155725980204;187.8281278508337;inf;355193.9133950481;7450.16064453125;0.0;0.0;9.81335163116455;9.760474953505729e-06
134.86751179586796;186.1988674977093;inf;355274.32538905065;7450.16064453125;0.0;0.0;9.81335163116455;9.937517645066592e-06
132.6092407641953;184.60406328028506;inf;355352.3716841892;7450.16064453125;0.0;0.0;9.81335163116455;1.0124375747056311e-05
130.43129419237044;183.07866631085372;inf;355426.40534567286;7450.16064453125;0.0;0.0;9.81335163116455;1.0316983405889425e-05
128.3376865097279;181.6243722116058;inf;355496.4269921129;7450.16064453125;0.0;0.0;9.81335163116455;1.0514864835706024e-05
126.33253880570386;180.2428514201479;inf;355562.4372122121;7450.16064453125;0.0;0.0;9.81335163116455;1.0717680899048776e-05
124.42005898506989;178.93574150333887;inf;355624.4365580748;7450.16064453125;0.0;0.0;9.81335163116455;1.0924863217367326e-05
124.30421029642476;175.8621304946684;inf;355682.4235680201;7445.423828125;240000.0;310.0;9.81335163116455;1.1165035593649948e-05
152.88450162301325;143.33066716766973;inf;355735.9155285129;7364.89892578125;240000.0;310.0;9.81335163116455;1.1935094480561312e-05
183.4505392152479;110.9728516174978;inf;355784.5447425543;7284.3740234375;240000.0;310.0;9.81335163116455;1.2431386184675372e-05
215.33514007039904;79.45637636995534;inf;355828.31926078885;7203.849609375;240000.0;310.0;9.81335163116455;1.2764503848379817e-05
248.19048374501497;51.12330750248685;inf;355867.25155269087;7123.3251953125;240000.0;310.0;9.81335163116455;1.2998237783238762e-05
281.82374365968354;35.96858582227097;inf;355901.3580625283;7042.80029296875;240000.0;310.0;9.81335163116455;1.3168768044885342e-05
316.1227771573604;49.34534049979172;inf;355930.658678968;6962.275390625;240000.0;310.0;9.81335163116455;1.329742607321619e-05
351.0202818788245;78.24289677478595;inf;355955.1772840186;6881.7509765625;240000.0;310.0;9.81335163116455;1.3397279998916087e-05
386.47520566600235;111.54828830605413;inf;355974.9425322213;6801.22607421875;240000.0;310.0;9.81335163116455;1.3476567549335327e-05
422.46263528597603;146.59567210507808;inf;355989.98774098046;6720.70166015625;240000.0;310.0;9.81335163116455;1.3540700727664162e-05
458.96816836135594;182.6469880202859;inf;356000.3505348342;6640.1767578125;240000.0;310.0;9.81335163116455;1.3593443587116453e-05
495.9845206023904;219.43642503072206;inf;356006.07322231145;6559.65234375;240000.0;310.0;9.81335163116455;1.3637468418246159e-05
533.5093610276596;256.85107582169644;inf;356007.2034891016;6479.1279296875;240000.0;310.0;9.81335163116455;1.3674637094411316e-05
571.543973617122;294.8389348264113;inf;356003.79440792126;6398.60302734375;240000.0;310.0;9.81335163116455;1.3706304094138893e-05
610.0923577841713;333.3761129367248;inf;355995.90424310334;6318.078125;240000.0;310.0;9.81335163116455;1.3733541068251738e-05
649.160651848628;372.4532558856197;inf;355983.59684685525;6237.5537109375;240000.0;310.0;9.81335163116455;1.3757179501447552e-05
688.7566942302293;412.06921261496296;inf;355966.94225521863;6157.02880859375;240000.0;310.0;9.81335163116455;1.3777810378636104e-05
728.889772467843;452.2279180229506;inf;355946.01679100003;6076.50439453125;240000.0;310.0;9.81335163116455;1.3795894326903135e-05
769.5704440634154;492.93668825678765;inf;355920.9029925546;5995.9794921875;240000.0;310.0;9.81335163116455;1.3811847375945225e-05
810.8103870863699;534.2052154790617;inf;355891.690079769;5915.455078125;240000.0;310.0;9.81335163116455;1.3826005145380845e-05
852.6222997604956;576.0449797783089;inf;355858.4744462457;5834.93017578125;240000.0;310.0;9.81335163116455;1.3838600801537832e-05
895.0198874456224;618.4689549647185;inf;355821.35988419433;5754.40576171875;240000.0;310.0;9.81335163116455;1.3849826534896168e-05
938.0177660386413;661.4913485354562;inf;355780.45772749244;5673.880859375;240000.0;310.0;9.81335163116455;1.3859872095073866e-05
981.631473111516;705.1274860937136;inf;355735.88723922474;5593.35595703125;240000.0;310.0;9.81335163116455;1.386890361748854e-05
1025.8774813542454;749.3937515608272;inf;355687.77621436014;5512.83154296875;240000.0;310.0;9.81335163116455;1.3877019810053555e-05
1070.7732228772954;794.3075730102576;inf;355636.26121567027;5432.306640625;240000.0;310.0;9.81335163116455;1.3884302865248398e-05
1116.3370558010656;839.8873656111725;inf;355581.48775210325;5351.78173828125;240000.0;310.0;9.81335163116455;1.3890877569244335e-05
1162.58831109023;886.1525440721717;inf;355523.6109676114;5271.25732421875;240000.0;310.0;9.81335163116455;1.3896829608675316e-05
1209.5473605257846;933.1235805316397;inf;355462.7962846464;5190.732421875;240000.0;310.0;9.81335163116455;1.3902193711943613e-05
1257.2356630165432;980.8220522097798;inf;355399.219635898;5110.2080078125;240000.0;310.0;9.81335163116455;1.390702945259994e-05
1305.6757474521733;1029.2706125384545;inf;355333.0679137083;5029.68310546875;240000.0;310.0;9.81335163116455;1.391140422679078e-05
1354.8913436968858;1078.4931107437071;inf;355264.5397340978;4949.15869140625;240000.0;310.0;9.81335163116455;1.3915360574712212e-05
1404.9074186809028;1128.514632019705;inf;355193.8460779311;4868.6337890625;240000.0;310.0;9.81335163116455;1.3918930636472839e-05
1455.7502599495494;1179.3615845537604;inf;355121.21085212915;4788.109375;240000.0;310.0;9.81335163116455;1.3922137622439688e-05
1507.4475611741964;1231.061778969147;inf;355046.8713913949;4707.58447265625;240000.0;310.0;9.81335163116455;1.3925030620290132e-05
1560.0284690738094;1283.644469426892;inf;354971.07941478316;4627.0595703125;240000.0;310.0;9.81335163116455;1.3927649710903608e-05
1613.523715241755;1337.1404900118064;inf;354894.1020098509;4546.53515625;240000.0;310.0;9.81335163116455;1.3930002379497165e-05
1667.9657308937824;1391.5823718450633;inf;354816.2223089391;4466.01025390625;240000.0;310.0;9.81335163116455;1.3932110852808859e-05
1723.3887380899819;1447.0044314224626;inf;354737.740435358;4385.48583984375;240000.0;310.0;9.81335163116455;1.3934043709699457e-05
1779.8288710114277;1503.4428875796964;inf;354658.97510273755;4304.9609375;240000.0;310.0;9.81335163116455;1.393585504188379e-05
1837.3242910405386;1560.9359756271826;inf;354580.26541774906;4224.4365234375;240000.0;310.0;9.81335163116455;1.3937630336302955e-05
1895.9152251309583;1619.5239735867344;inf;354501.97362369264;4143.91162109375;240000.0;310.0;9.81335163116455;1.39397407097249e-05
1921.6273712847044;1645.2474225890194;inf;354424.3120533321;4109.17529296875;0.0;310.0;9.81335163116455;1.395075006694582e-05
1921.7838779970139;1645.4263711173146;inf;354346.7198702127;4109.17431640625;0.0;310.0;9.81335163116455;1.3963921580850424e-05
1921.94046920322;1645.6054093136968;inf;354269.11390334705;4109.17431640625;0.0;310.0;9.81335163116455;1.3965302565624708e-05
1922.097101211286;1645.7844882147142;inf;354191.4940059321;4109.17431640625;0.0;310.0;9.81335163116455;1.3970672568998043e-05
1922.2537733957558;1645.9636071017505;inf;354113.8605018745;4109.17431640625;0.0;310.0;9.81335163116455;1.3981719026461308e-05
1922.4104851310144;1646.1427652554883;inf;354036.2137173122;4109.17431640625;0.0;310.0;9.81335163116455;1.3989834658676324e-05
1922.567235753438;1646.321961919225;inf;353958.5539771345;4109.17431640625;0.0;310.0;9.81335163116455;1.399401490823754e-05
1922.7240245949743;1646.5011963315003;inf;353880.88160675357;4109.17431640625;0.0;310.0;9.81335163116455;1.4000648168585397e-05
1922.8808510222925;1646.6804677653424;inf;353803.1969326185;4109.17431640625;0.0;310.0;9.81335163116455;1.4009831741856621e-05
1923.0377143912176;1646.859775483674;inf;353725.50027940946;4109.17431640625;0.0;310.0;9.81335163116455;1.4016880855395178e-05
1923.1946140581083;1647.0391187491564;inf;353647.79197408585;4109.17431640625;0.0;310.0;9.81335163116455;1.4022188047537801e-05
1923.3515493728446;1647.2184968181614;inf;353570.07234318275;4109.17431640625;0.0;310.0;9.81335163116455;1.4029151491561619e-05
1923.5085196697037;1647.3979089315462;inf;353492.3417138172;4109.17431640625;0.0;310.0;9.81335163116455;1.4037142812684785e-05
1923.6655243267403;1647.5773543745747;inf;353414.6004116166;4109.17431640625;0.0;310.0;9.81335163116455;1.4043732762307008e-05
1923.8225626300755;1647.7568323400408;inf;353336.8487638396;4109.17431640625;0.0;310.0;9.81335163116455;1.4049625739632473e-05
1923.9796339958461;1647.9363421506885;inf;353259.0870968513;4109.17431640625;0.0;310.0;9.81335163116455;1.4056530946823012e-05
1924.1367377290278;1648.1158830181703;inf;353181.31573878403;4109.17431640625;0.0;310.0;9.81335163116455;1.4063570334187945e-05
1924.2938731940078;1648.2954542128605;inf;353103.5350191989;4109.17431640625;0.0;310.0;9.81335163116455;1.406977586561107e-05
1924.451039720272;1648.4750549718608;inf;353025.74526401295;4109.17431640625;0.0;310.0;9.81335163116455;1.407606916262835e-05
1924.6082366829837;1648.6546845772623;inf;352947.9467995892;4109.17431640625;0.0;310.0;9.81335163116455;1.4082880173494429e-05
1924.765463380465;1648.8343422332055;inf;352870.1399577578;4109.17431640625;0.0;310.0;9.81335163116455;1.408948647986274e-05
1924.9227192029384;1649.0140272376107;inf;352792.32506371185;4109.17431640625;0.0;310.0;9.81335163116455;1.4095653128274852e-05
1925.0800034526815;1649.193738799211;inf;352714.5024472949;4109.17431640625;0.0;310.0;9.81335163116455;1.4101927314218163e-05
1926.1395980297673;1650.2749351351017;inf;352636.933896711;551.0;0.0;0.0;9.81335163116455;0.0
1926.2967183210212;1650.4544334486118;inf;352559.1686415783;551.0;0.0;0.0;9.81335163116455;0.0
1926.4538573582254;1650.6339472697784;inf;352481.4004592245;551.0;0.0;0.0;9.81335163116455;0.0
1926.6110144933714;1650.8134758575277;inf;352403.62967991154;551.0;0.0;0.0;9.81335163116455;0.0
1926.7681890598574;1650.9930184523057;inf;352325.8566333577;551.0;0.0;0.0;9.81335163116455;0.0
1926.9253803872232;1651.1725742910542;inf;352248.0816500435;551.0;0.0;0.0;9.81335163116455;0.0
1927.0825878049648;1651.352142610047;inf;352170.3050607017;551.0;0.0;0.0;9.81335163116455;0.0
1927.2398106750034;1651.531722678654;inf;352092.52719568263;551.0;0.0;0.0;9.81335163116455;0.0
1927.3970483176902;1651.7113137240765;inf;352014.74838573474;551.0;0.0;0.0;9.81335163116455;0.0
1927.5543000441203;1651.8909149649069;inf;351936.96896200953;551.0;0.0;0.0;9.81335163116455;0.0
1927.711565217739;1652.070525671621;inf;351859.1892556128;551.0;0.0;0.0;9.81335163116455;0.0
1927.8688431818357;1652.2501450947943;inf;351781.40959780954;551.0;0.0;0.0;9.81335163116455;0.0
1928.0261332323278;1652.4297724376356;inf;351703.63031991397;551.0;0.0;0.0;9.81335163116455;0.0
1928.1834347129875;1652.6094069511298;inf;351625.85175386;551.0;0.0;0.0;9.81335163116455;0.0
1928.3407469913375;1652.789047910033;inf;351548.07423134975;551.0;0.0;0.0;9.81335163116455;0.0
1928.4980693562397;1652.9686945107712;inf;351470.2980842503;551.0;0.0;0.0;9.81335163116455;0.0
1928.6554011588437;1653.1483460117163;inf;351392.52364457946;551.0;0.0;0.0;9.81335163116455;0.0
1928.8127417121714;1653.328001633433;inf;351314.75124480715;551.0;0.0;0.0;9.81335163116455;0.0
1928.9700903823118;1653.5076606491907;inf;351236.9812172486;551.0;0.0;0.0;9.81335163116455;0.0
1929.1274464615417;1653.6873222586944;inf;351159.2138943868;551.0;0.0;0.0;9.81335163116455;0.0
1929.2848092874115;1653.8669857068535;inf;351081.44960914506;551.0;0.0;0.0;9.81335163116455;0.0
1929.4421781460712;1654.046650187676;inf;351003.6886942086;551.0;0.0;0.0;9.81335163116455;0.0
1929.5995524363393;1654.2263150070169;inf;350925.9314828594;551.0;0.0;0.0;9.81335163116455;0.0
1929.7569314685022;1654.4059793831261;inf;350848.1783078902;551.0;0.0;0.0;9.81335163116455;0.0
1929.9143145531402;1654.5856425337481;inf;350770.4295028527;551.0;0.0;0.0;9.81335163116455;0.0
1930.0717010408503;1654.76530371724;inf;350692.68540106155;551.0;0.0;0.0;9.81335163116455;0.0
1930.2290902392585;1654.9449621488575;inf;350614.94633607555;551.0;0.0;0.0;9.81335163116455;0.0
1930.3864814575502;1655.1246170454976;inf;350537.2126417671;551.0;0.0;0.0;9.81335163116455;0.0
1930.5438740394632;1655.304267658338;inf;350459.48465229024;551.0;0.0;0.0;9.81335163116455;0.0
1930.7012673192048;1655.4839132295199;inf;350381.76270109543;551.0;0.0;0.0;9.81335163116455;0.0
1930.8586605459082;1655.663552915854;inf;350304.0471226941;551.0;0.0;0.0;9.81335163116455;0.0
1931.016053158091;1655.8431860630992;inf;350226.3382514148;551.0;0.0;0.0;9.81335163116455;0.0
1931.1734443730677;1656.022811796948;inf;350148.63642125507;551.0;0.0;0.0;9.81335163116455;0.0
1931.3308335961817;1656.2024294302855;inf;350070.9419671608;551.0;0.0;0.0;9.81335163116455;0.0
1931.4882201163873;1656.3820381600535;inf;349993.2552237811;551.0;0.0;0.0;9.81335163116455;0.0
1931.6456032357476;1656.5616371959024;inf;349915.57652588096;551.0;0.0;0.0;9.81335163116455;0.0
1931.802982304421;1656.741225795981;inf;349837.9062088508;551.0;0.0;0.0;9.81335163116455;0.0
1931.9603566234596;1656.9208031693054;inf;349760.2446070872;551.0;0.0;0.0;9.81335163116455;0.0
1932.1177255186012;1657.1003685496303;inf;349682.5920562304;551.0;0.0;0.0;9.81335163116455;0.0
1932.2750882918915;1657.2799211471388;inf;349604.94889147475;551.0;0.0;0.0;9.81335163116455;0.0
1932.4324442512311;1657.4594601778724;inf;349527.3154479618;551.0;0.0;0.0;9.81335163116455;0.0
1932.5897928048948;1657.6389849572695;inf;349449.6920617954;551.0;0.0;0.0;9.81335163116455;0.0
1932.7471331602355;1657.8184946015988;inf;349372.0790682746;551.0;0.0;0.0;9.81335163116455;0.0
1932.9044646893904;1657.9979883908031;inf;349294.4768035698;551.0;0.0;0.0;9.81335163116455;0.0
1933.0617867033206;1658.177465544122;inf;349216.8856032863;551.0;0.0;0.0;9.81335163116455;0.0
1933.2190985070538;1658.3569252745433;inf;349139.30580372654;551.0;0.0;0.0;9.81335163116455;0.0
1933.3763994637309;1658.5363668534924;inf;349061.7377409737;551.0;0.0;0.0;9.81335163116455;0.0
1933.5336888158554;1658.715789431755;inf;348984.18175122247;551.0;0.0;0.0;9.81335163116455;0.0
1933.6909659055036;1658.8951922598642;inf;348906.63817096385;551.0;0.0;0.0;9.81335163116455;0.0
1933.8482300787598;1659.0745745917231;inf;348829.1073367188;551.0;0.0;0.0;9.81335163116455;0.0
1934.0054806086516;1659.2539356092814;inf;348751.58958534664;551.0;0.0;0.0;9.81335163116455;0.0
1934.1627168124803;1659.4332745381107;inf;348674.08525314834;551.0;0.0;0.0;9.81335163116455;0.0
1934.3199380535275;1659.6125906493673;inf;348596.594677206;551.0;0.0;0.0;9.81335163116455;0.0
1934.4771435651626;1659.7918830856695;inf;348519.1181939435;551.0;0.0;0.0;9.81335163116455;0.0
1934.6343326668366;1659.9711510746536;inf;348441.65614109975;551.0;0.0;0.0;9.81335163116455;0.0
1934.7915047726747;1660.1503939387737;inf;348364.20885541954;551.0;0.0;0.0;9.81335163116455;0.0
1934.9486591238456;1660.3296108276957;inf;348286.77667430195;551.0;0.0;0.0;9.81335163116455;0.0
1935.1057949921772;1660.508800922133;inf;348209.3599352188;551.0;0.0;0.0;9.81335163116455;0.0
1935.2629117449612;1660.6879634979837;inf;348131.9589751996;551.0;0.0;0.0;9.81335163116455;0.0
1935.4200086641101;1660.8670977460995;inf;348054.57413184433;551.0;0.0;0.0;9.81335163116455;0.0
1935.5770850958256;1661.046202920764;inf;347977.20574305404;551.0;0.0;0.0;9.81335163116455;0.0
1935.734140306841;1661.2252781977456;inf;347899.85414641537;551.0;0.0;0.0;9.81335163116455;0.0
1935.891173601996;1661.4043227908444;inf;347822.51967973646;551.0;0.0;0.0;9.81335163116455;0.0
1936.0451059036131;1661.5798261964098;inf;347746.7185304882;551.0;0.0;0.0;9.81335163116455;0.0
1936.2020937977436;1661.7588077552584;inf;347669.41898525716;551.0;0.0;0.0;9.81335163116455;0.0
1936.3590577840137;1661.9377563662263;inf;347592.1375772129;551.0;0.0;0.0;9.81335163116455;0.0
