OrbitalSpeed;SurfaceSpeed;TerminalVelocity;Altitude;Mass;Thrust;SpecificImpulse;SurfaceGravity;AerodynamicForce
174.96634915208728;0.003063465926701288;310.4061279296875;82.52732530795038;46758.08984375;0.0;0.0;9.81335163116455;3.3852498234356645e-05
174.96636984826378;0.009865785286563298;309.2611083984375;82.53900470794179;46671.09375;569848.3125;280.54071044921875;9.81335163116455;0.0037717996169948347
174.96596501933766;1.4437763716314418;588.0479125976562;82.99852524814196;46459.82421875;569853.625;280.5433349609375;9.81335163116455;2.56049867992201
174.99860658695238;4.032483657381271;588.0748291015625;85.81773975794204;46248.55078125;569892.125;280.5622863769531;9.81335163116455;20.796180798298177
175.0763864867321;6.679407611819796;587.2356567382812;91.30766028375365;46037.27734375;569968.5;280.5998840332031;9.81335163116455;57.5120522676657
175.19635441275653;9.38560741333962;586.0965576171875;99.52822032873519;45826.00390625;570083.375;280.65643310546875;9.81335163116455;113.95286686668237
175.35665800955812;12.152134788934374;584.72607421875;110.54041650868021;45614.734375;570237.5;280.7322998046875;9.81335163116455;191.49056560311928
175.56213293232156;14.980034327860036;583.10595703125;124.40631066390779;45403.4609375;570431.3125;280.8277587890625;9.81335163116455;291.6786023370873
175.82074104739974;17.870340902657933;581.5374755859375;141.18903213180602;45192.1875;570665.5625;280.94305419921875;9.81335163116455;415.80757525153655
176.13668717488991;20.824090980200285;580.2881469726562;160.95277805929072;44980.9140625;570940.5625;281.07843017578125;9.81335163116455;564.8049354877544
176.50943438818504;23.842343007679467;579.3632202148438;183.76281284971628;44769.640625;571256.75;281.2341003417969;9.81335163116455;739.6700770136515
176.93895672716351;26.926147383257618;578.5227661132812;209.6854621352395;44558.37109375;571614.4375;281.4101867675781;9.81335163116455;942.0112143104943
177.4296563364145;30.07652020223547;577.6095581054688;238.78809194860514;44347.09765625;572013.75;281.6067810058594;9.81335163116455;1173.8040823756928
177.98801466639574;33.294455776012704;576.7214965820312;271.1391097609885;44135.82421875;572454.875;281.823974609375;9.81335163116455;1436.282901190748
178.61817794738027;36.58094231843989;576.0552368164062;306.8079865995096;43924.5546875;572938.125;282.06182861328125;9.81335163116455;1729.8090350853674
179.32104504341817;39.93700907799618;575.6658325195312;345.86512611829676;43713.28125;573463.0;282.32025146484375;9.81335163116455;2054.7721923219506
180.09782075915714;43.363650763891265;575.3861083984375;388.38200668408535;43502.0078125;574029.6875;282.5992126464844;9.81335163116455;2413.2709843718726
180.9526498523248;46.861841542362754;575.150146484375;434.4311490248656;43290.73828125;574637.75;282.8985900878906;9.81335163116455;2806.979391650889
181.89099684623687;50.43248506457786;574.9805908203125;484.08595495682675;43079.46484375;575287.125;283.21826171875;9.81335163116455;3237.1100913223386
182.9166732260606;54.07650588900132;574.947021484375;537.4208114256617;42868.19140625;575977.1875;283.5580139160156;9.81335163116455;3703.8161112503203
184.03153730135037;57.79484301839696;575.2026977539062;594.5109942106064;42656.91796875;576707.5625;283.9175720214844;9.81335163116455;4205.720561914944
185.2374217046376;61.58844458917079;575.6381225585938;655.4327843781793;42445.64453125;577477.5625;284.296630859375;9.81335163116455;4744.676670878133
186.53757857606396;65.45823206568897;576.1354370117188;720.2635285872966;42234.375;578286.5;284.6949157714844;9.81335163116455;5323.113881416114
187.93652334317875;69.40500358533434;576.7523803710938;789.081167236669;42023.1015625;579133.75;285.11199951171875;9.81335163116455;5940.948548027434
189.43764708508576;73.42963154210216;577.5355834960938;861.9648802053416;41811.828125;580018.1875;285.54742431640625;9.81335163116455;6597.468244252697
191.04344996548687;77.53294761939225;578.5086059570312;938.9942895227578;41600.55859375;580939.0625;286.00079345703125;9.81335163116455;7292.314249522396
192.7559374710681;81.7158558908564;579.6989135742188;1020.2502275158186;41389.28515625;581895.25;286.4715270996094;9.81335163116455;8024.415088535319
194.5772183013795;85.97923945815612;581.0671997070312;1105.814202491194;41178.015625;582885.75;286.9591369628906;9.81335163116455;8794.9464585803
196.5110872979718;90.32383848207698;582.5484008789062;1195.768902227981;40966.73828125;583909.25;287.4630126953125;9.81335163116455;9605.083774655734
198.56042590320644;94.75048986440214;584.2098999023438;1290.1976077137515;40755.46875;584964.5;287.9825134277344;9.81335163116455;10452.852442500425
200.7274526297834;99.26005224130834;586.10546875;1389.1839277369436;40544.19140625;586050.1875;288.51702880859375;9.81335163116455;11335.036458134344
203.0135898599806;103.85335245008658;588.3240966796875;1492.8133949086769;40332.91796875;587165.125;289.0658874511719;9.81335163116455;12246.707353669513
205.42054064845829;108.53144409694349;590.7465209960938;1601.1716234760825;40121.6484375;588307.625;289.62835693359375;9.81335163116455;13191.56516791285
207.95095208666507;113.29525262397489;593.293701171875;1714.346122665098;39910.375;589476.3125;290.2037353515625;9.81335163116455;14159.109240283198
210.6080577216806;118.14590379688029;596.0299682617188;1832.4243294814369;39699.10546875;590669.8125;290.7912902832031;9.81335163116455;15145.59985607298
213.3929506474067;123.0848855250656;599.19287109375;1955.4954482573085;39487.83203125;591886.4375;291.3902282714844;9.81335163116455;16133.638130553556
216.30746237990266;128.11359588278947;602.5733642578125;2083.6501458047424;39276.5625;593124.625;291.99981689453125;9.81335163116455;17133.837517257525
219.2923072919033;133.13204476269772;605.982177734375;2214.3167536265682;39069.4296875;594358.0;292.6070251464844;9.81335163116455;18130.743670956468
222.46937670817692;138.3421663791628;610.0377807617188;2366.6788144278107;38837.44140625;595634.3125;293.2353820800781;9.81335163116455;19156.909580538213
226.0472376399222;144.06605080718967;614.1293334960938;2508.185449849814;38630.31640625;597029.75;293.92230224609375;9.81335163116455;20259.326153348633
229.50674655558072;149.47329136741828;618.92529296875;2657.9360405675834;38419.04296875;598339.25;294.5670166015625;9.81335163116455;21258.103234269143
233.17659322023553;155.08701570462316;623.94140625;2816.353978869971;38203.62890625;599688.5;295.2312316894531;9.81335163116455;22287.705131203846
236.91749900993145;160.69263046344108;629.0563354492188;2977.4480484040687;37992.35546875;601023.6875;295.8885803222656;9.81335163116455;23304.05993601546
240.800412915681;166.3986731876539;634.5769653320312;3144.311458704178;37781.08203125;602369.125;296.55096435546875;9.81335163116455;24310.93188289852
244.82679915555295;172.20711960167847;640.6422119140625;3317.047643949394;37569.80859375;603723.25;297.2176208496094;9.81335163116455;25296.36877879805
248.99803033566266;178.1200306150812;647.182373046875;3495.7621146109886;37358.5390625;605084.5;297.88775634765625;9.81335163116455;26264.373352523435
253.31560297230058;184.13924226700982;654.1013793945312;3680.5623795161955;37147.26953125;606451.25;298.56060791015625;9.81335163116455;27222.01572922698
257.7811700009813;190.26654439562844;661.4469604492188;3871.557772130822;36935.9921875;607821.75;299.2353515625;9.81335163116455;28165.106737562062
262.39637014929014;196.50396399243343;669.3619384765625;4068.8595608546166;36724.71875;609194.6875;299.9112548828125;9.81335163116455;29081.039434854956
267.16279057782754;202.8538192624942;677.9126586914062;4272.581238813116;36513.4453125;610568.375;300.5875244140625;9.81335163116455;29963.318051866474
272.08205812661765;209.31847694777372;687.0800170898438;4482.838711027522;36302.17578125;611941.3125;301.2633972167969;9.81335163116455;30813.056784161494
277.1559105766294;215.90027123459078;696.866943359375;4699.75026472297;36090.90234375;613311.75;301.9380798339844;9.81335163116455;31629.81434813587
282.38621200476575;222.60164898139823;707.3616333007812;4923.436619719956;35879.62890625;614678.25;302.6108093261719;9.81335163116455;32405.574821550057
287.77495839515313;229.42534107493597;718.6715087890625;5154.021132653928;35668.359375;616039.25;303.2808532714844;9.81335163116455;33130.64189658029
293.32424074444833;236.37429284697816;730.8629150390625;5391.630058839801;35457.08203125;617393.125;303.9473876953125;9.81335163116455;33799.28573843492
299.0362957806137;243.45158352428516;743.9788208007812;5636.392744922545;35245.8125;618738.375;304.60968017578125;9.81335163116455;34408.358172610286
304.91354744102637;250.6604222276868;758.1015625;5888.441726290621;35034.54296875;620073.4375;305.26690673828125;9.81335163116455;34951.47936596996
310.95857980094524;258.00427270882426;773.3584594726562;6147.912936979323;34823.26953125;621396.5625;305.9183044433594;9.81335163116455;35418.446168607756
317.1737711471848;265.4869821138462;789.9351196289062;6414.946021822863;34611.99609375;622706.3125;306.5631103515625;9.81335163116455;35794.76716272277
323.56346392332284;273.1146410082296;810.6640014648438;6689.6851169366855;34400.72265625;624000.9375;307.2004699707031;9.81335163116455;35832.92257611046
330.1389300209373;280.90082491619;832.4614868164062;6972.285698794643;34189.44921875;625278.9375;307.8296203613281;9.81335163116455;35823.46174435975
336.887426454311;288.82942291522136;847.3811645507812;7262.902973559685;33978.1796875;626538.6875;308.4497985839844;9.81335163116455;36439.680038746796
343.81651885823896;296.9080281134888;872.0172119140625;7561.682353613316;33766.90625;627778.4375;309.0601501464844;9.81335163116455;36258.98584062942
350.9497269342607;305.16333309507667;906.8867797851562;7868.790828308323;33555.6328125;628996.5625;309.65985107421875;9.81335163116455;35319.860164142665
358.3020080683593;313.6127369722836;946.7393188476562;8184.419030129677;33344.359375;630191.5;310.2481384277344;9.81335163116455;34138.23545509982
365.87322629488267;322.2565951289284;984.1514892578125;8508.766566315899;33133.08984375;631361.75;310.8242492675781;9.81335163116455;33266.72471497338
373.6504659466697;331.08071535582434;1012.664306640625;8842.025392537937;32921.81640625;632505.625;311.3873596191406;9.81335163116455;33070.32258146916
381.6229012223681;340.07365887064645;1042.75390625;9184.371486484772;32710.54296875;633614.4375;311.9332580566406;9.81335163116455;32847.87080635195
389.79691114180486;349.24364285530805;1076.8643798828125;9535.98073848267;32499.26953125;634680.8125;312.4582214355469;9.81335163116455;32371.44292001205
398.17973737705006;358.59923458769816;1114.8211669921875;9897.038201068295;32287.99609375;635703.875;312.9619140625;9.81335163116455;31675.169797796527
406.7784270233084;368.1481913151211;1156.7559814453125;10267.737203690805;32076.7265625;636683.5;313.4441833496094;9.81335163116455;30782.236505158573
415.59916823176206;377.89733778348943;1203.2293701171875;10648.278593418654;31865.453125;637619.8125;313.9051513671875;9.81335163116455;29742.81504464818
424.6468493398958;387.8523449560339;1254.82080078125;11038.8694904414;31654.181640625;638513.5;314.3451232910156;9.81335163116455;28579.899765324455
433.9258471655338;398.0183009911078;1311.769775390625;11439.722510702442;31442.908203125;639364.5;314.7640686035156;9.81335163116455;27321.765706815506
443.4399226761048;408.3993631785257;1374.2506103515625;11851.05497086246;31231.63671875;640172.8125;315.1619873046875;9.81335163116455;25998.57119387428
453.19229409554003;418.9989859404923;1442.71875;12273.088032806525;31020.36328125;640939.0;315.5392150878906;9.81335163116455;24628.219762948847
463.18591836400554;429.8204728535067;1518.32666015625;12706.046241685515;30809.091796875;641663.8125;315.8960266113281;9.81335163116455;23208.05724327265
473.4236940221266;440.8671751990772;1602.0374755859375;13150.157577993115;30597.818359375;642347.625;316.232666015625;9.81335163116455;21749.771112598235
483.9080518673033;452.1418741858512;1694.5352783203125;13605.65316826664;30386.544921875;642991.3125;316.5495910644531;9.81335163116455;20276.212885819983
494.64094456260773;463.64673767056183;1796.6759033203125;14072.766632868908;30175.275390625;643596.75;316.8476257324219;9.81335163116455;18805.804532981467
505.6237997263483;475.3834249682148;1909.3135986328125;14551.733546362026;29964.001953125;644164.125;317.126953125;9.81335163116455;17356.912723988567
516.8574039062748;487.3529816359438;2033.133544921875;15042.790863292175;29752.728515625;644693.6875;317.3876647949219;9.81335163116455;15949.218770544581
528.3419091408449;499.5557885268687;2168.545654296875;15546.176247788593;29541.455078125;645186.1875;317.630126953125;9.81335163116455;14602.34072256023
540.0769389438227;511.99164325556256;2315.76416015625;16062.127432672307;29330.18359375;645642.875;317.85498046875;9.81335163116455;13332.094472664907
552.0618301024743;524.6600643237492;2475.5224609375;16590.881775609334;29118.91015625;646065.8125;318.06317138671875;9.81335163116455;12142.657450880612
564.2956362491987;537.5603596747045;2647.458251953125;17132.6760351822;28907.638671875;646457.0625;318.25579833984375;9.81335163116455;11045.314138080777
576.7771280402502;550.6915533784523;2830.611083984375;17687.746120742173;28696.365234375;646817.9375;318.4334411621094;9.81335163116455;10048.18581800312
589.5048165956224;564.0523784092647;3022.95947265625;18256.326785374433;28485.09375;647148.9375;318.5964050292969;9.81335163116455;9158.257527221023
602.4770378355643;577.6413904224638;3221.673583984375;18838.651386227924;28273.822265625;647450.9375;318.74505615234375;9.81335163116455;8378.298503430677
615.6920210196965;591.457106873797;3422.9912109375;19434.951781140524;28062.548828125;647725.3125;318.8801574707031;9.81335163116455;7708.238643838259
629.1481243429056;605.4981854580258;3625.294677734375;20045.45833295735;27851.27734375;647973.875;319.0025329589844;9.81335163116455;7133.958793303541
642.8452842886767;619.7649148770364;3841.09228515625;20670.400730926078;27640.00390625;648199.125;319.1134033203125;9.81335163116455;6594.209402931713
656.7848757807557;634.2591068963418;4075.256591796875;21310.00990267319;27428.732421875;648403.875;319.2142028808594;9.81335163116455;6076.080755602262
670.9685679414896;648.9829101254886;4330.9404296875;21964.518828856293;27217.458984375;648590.25;319.30596923828125;9.81335163116455;5577.4797351646175
685.3980681870097;663.9384843044006;4609.26318359375;22634.16271298204;27006.1875;648758.6875;319.3888854980469;9.81335163116455;5102.913463390083
700.0750517717261;679.1278969007669;4911.12109375;23319.17890110577;26794.916015625;648909.8125;319.4632873535156;9.81335163116455;4655.970891071118
715.0011532400646;694.5531598455769;5237.29150390625;24019.806823052815;26583.642578125;649044.4375;319.5295715332031;9.81335163116455;4238.976723543242
730.1780265122488;710.216321696496;5588.5703125;24736.28796684416;26372.37109375;649163.625;319.5882568359375;9.81335163116455;3852.9203378427956
745.6074079918394;726.1195108383858;5966.05712890625;25468.86594384117;26161.09765625;649268.8125;319.6400146484375;9.81335163116455;3497.4306291223184
761.291359769694;742.2651605705314;6385.328125;26217.786644982756;25949.82421875;649361.4375;319.6856384277344;9.81335163116455;3157.23937523501
777.232590601723;758.6563469004259;6850.95263671875;26983.298839941155;25738.552734375;649443.8125;319.7261657714844;9.81335163116455;2834.9268930875533
793.4335785528837;775.2959104797745;7364.73291015625;27765.654310748563;25527.279296875;649517.1875;319.7623291015625;9.81335163116455;2534.6680893998805
809.8968524879054;792.1867353449076;7928.16455078125;28565.107760259067;25316.0078125;649582.0625;319.7942810058594;9.81335163116455;2258.9379396212094
826.6249621287221;809.331704179339;8542.2548828125;29381.91681826068;25104.736328125;649639.0;319.822265625;9.81335163116455;2008.834242097233
843.6205183844781;826.7337474845033;9206.51171875;30216.34208625299;24893.4609375;649688.25;319.84649658203125;9.81335163116455;1784.700372780882
860.8862693516811;844.3959067474426;9920.2421875;31068.64720020152;24682.189453125;649730.625;319.8674011230469;9.81335163116455;1585.6437757651838
878.4251288507534;862.3213942342393;10684.5009765625;31939.098991151783;24470.916015625;649767.0625;319.8853454589844;9.81335163116455;1409.5040443142914
896.2402440197321;880.5136515219559;11506.826171875;32827.96766573866;24259.646484375;649798.625;319.90087890625;9.81335163116455;1252.6221991751777
914.3350750029748;898.9764400656805;12409.1826171875;33735.52711178886;24048.373046875;649826.375;319.9145202636719;9.81335163116455;1109.774465036297
932.7134135727722;917.7138462066117;13411.2763671875;34662.05522538512;23837.099609375;649851.0;319.9266357421875;9.81335163116455;978.6026754167497
951.3791618871339;936.7300378252925;14513.5830078125;35607.83413459384;23625.828125;649872.5;319.9372253417969;9.81335163116455;860.321326977888
970.336352103438;956.0292998677465;15717.69921875;36573.15026732569;23414.556640625;649891.1875;319.9464111328125;9.81335163116455;754.9791856846019
989.5890997574954;975.616016498767;17021.6953125;37558.29447460396;23203.283203125;649907.125;319.9542541503906;9.81335163116455;662.2950185203425
1009.1416293328426;995.4946625765633;18354.166015625;38563.56214201765;22992.01171875;649920.625;319.9609375;9.81335163116455;585.832953721746
1028.9982487423902;1015.6697606534027;19737.87109375;39589.25320636167;22780.73828125;649932.125;319.96661376953125;9.81335163116455;520.8018767026872
1049.1636900116966;1036.1462765017966;21222.134765625;40635.672457836336;22569.466796875;649941.9375;319.971435546875;9.81335163116455;462.8338887668114
1069.6429176005815;1056.9294185156862;22787.52734375;41703.12989082653;22358.193359375;649950.625;319.9756774902344;9.81335163116455;411.82838014734125
1090.4410521010273;1078.0245211530669;24512.828125;42791.94085635245;22146.921875;649958.375;319.9794921875;9.81335163116455;365.76384955516056
1111.5635194938263;1099.437210882456;26454.27734375;43902.42632689839;21935.6484375;649965.0625;319.9828186035156;9.81335163116455;324.0012518984037
1133.0158806651239;1121.1732536027882;28625.794921875;45034.91307088232;21724.376953125;649971.0;319.9857177734375;9.81335163116455;286.7651913529496
1154.8038372056958;1143.2385556371794;31049.615234375;46189.733819123125;21513.103515625;649976.0;319.9881896972656;9.81335163116455;253.6233940019483
1176.9333010293874;1165.6392221156782;33807.3828125;47390.5444792551;21297.689453125;649980.3125;319.99029541015625;9.81335163116455;224.01690002849855
1199.8546726934462;1188.8309590284957;36841.2109375;48591.510954179685;21086.416015625;649983.9375;319.9920959472656;9.81335163116455;196.76361677926272
1222.6928232401058;1211.9284268825822;40301.9921875;49815.85418756737;20875.14453125;649987.0;319.99359130859375;9.81335163116455;172.09208090279387
1245.8917200202357;1235.3810222183624;44283.6640625;51063.93285977305;20663.87109375;649989.625;319.994873046875;9.81335163116455;149.19623256264828
1269.458140669754;1259.19568512418;48843.5703125;52336.112642100314;20452.599609375;649991.6875;319.99591064453125;9.81335163116455;128.24523351452675
1293.3990709856532;1283.3795545536088;54041.01171875;53632.76639251306;20241.326171875;649993.5;319.99676513671875;9.81335163116455;109.36008364806223
1317.7217456646365;1307.9400101165663;59950.77734375;54954.274372912245;20030.0546875;649994.875;319.9974670410156;9.81335163116455;92.55683029257955
1342.4335941520237;1332.8846350448296;66739.7734375;56301.02448544372;19818.78125;649996.0625;319.998046875;9.81335163116455;77.61515096027944
1367.5423025196803;1358.2212641329113;74796.1484375;57673.4124941316;19607.509765625;649996.9375;319.9985046386719;9.81335163116455;65.2011851118946
1393.0557618939583;1383.9579064818925;84851.0859375;59071.84224029223;19396.236328125;649997.625;319.99884033203125;9.81335163116455;55.47747079202313
1418.9821504691151;1410.1028794130957;97125.9375;60496.72589476616;19184.96484375;649998.25;319.9991455078125;9.81335163116455;47.212319578226214
1445.329987942708;1436.66483303663;111838.5390625;61948.484288363485;18973.69140625;649998.6875;319.9993591308594;9.81335163116455;39.69064163240586
1472.1080778935304;1463.6526836400847;130905.2734375;63427.54721056984;18762.419921875;649999.0625;319.9995422363281;9.81335163116455;32.14202888438318
1499.3256037920264;1491.0757348989134;161742.9375;64934.353745574364;18551.146484375;649999.375;319.99969482421875;9.81335163116455;23.38991513485442
1526.9920644332035;1518.9436021054491;220321.234375;66469.35263775755;18339.875;649999.6875;319.9998474121094;9.81335163116455;13.92304471185815
1555.1172167447678;1547.266149288425;373243.875;68033.00257866108;18128.6015625;649999.875;319.99993896484375;9.81335163116455;5.909709022577428
1583.7110328492274;1576.05346055079;1753807.0;69625.77243203681;17917.330078125;650000.0;320.0;9.81335163116455;0.34026571400137257
1612.7840133922555;1605.3161337888328;inf;71248.20099290996;17706.056640625;650000.0;320.0;9.81335163116455;2.2547755588462775e-05
1642.3466428211832;1635.064742925545;inf;72900.73909159575;17494.78515625;650000.0;320.0;9.81335163116455;2.254694299624715e-05
1672.4100197559778;1665.3104825711164;inf;74583.86763985199;17283.51171875;650000.0;320.0;9.81335163116455;2.2546166984285656e-05
1702.985731953439;1696.0650518582179;inf;76298.09963348403;17072.240234375;650000.0;320.0;9.81335163116455;2.2545401334947502e-05
1734.085798175295;1727.3405416752319;inf;78043.96020462376;16860.966796875;650000.0;320.0;9.81335163116455;2.254462909877049e-05
1727.8396800534051;1721.1286350686933;inf;79802.96926179808;16852.66796875;0.0;320.0;9.81335163116455;2.2540744845525357e-05
1720.5516672323938;1713.8677339992134;inf;81451.29122022912;16852.66796875;0.0;320.0;9.81335163116455;2.2536995876282165e-05
1712.6959934697925;1706.0417323442591;inf;83229.09365508182;16852.66796875;0.0;320.0;9.81335163116455;2.253281459878966e-05
1705.031081448968;1698.406224646632;inf;84964.80560655775;16852.66796875;0.0;320.0;9.81335163116455;2.2528627231291332e-05
1697.5422258409342;1690.9474325400874;inf;86698.63943464542;7458.076171875;0.0;0.0;9.81335163116455;7.686608857152523e-06
1689.9545535674206;1683.3897686626613;inf;88418.94245677092;7458.076171875;0.0;0.0;9.81335163116455;7.684071023563696e-06
1682.404752233105;1675.8702745712976;inf;90131.52906092652;7458.076171875;0.0;0.0;9.81335163116455;7.682644517001022e-06
1674.8923737196637;1668.3885017047817;inf;91836.43740539905;7458.076171875;0.0;0.0;9.81335163116455;7.681265278825594e-06
1667.4169773644037;1660.9440089704526;inf;93533.7051990612;7458.076171875;0.0;0.0;9.81335163116455;7.679000033667856e-06
1659.9781295158627;1653.5363623118526;inf;95223.3697062938;7458.076171875;0.0;0.0;9.81335163116455;7.67652369692828e-06
1652.575403539923;1646.1651347165423;inf;96905.46775308019;7458.076171875;0.0;0.0;9.81335163116455;7.674687653866042e-06
1645.2083798274155;1638.829906194731;inf;98580.03573792428;7458.076171875;0.0;0.0;9.81335163116455;7.67311019843418e-06
1637.875566053502;1631.5314080787239;inf;100247.1097097192;7458.076171875;0.0;0.0;9.81335163116455;7.952984914062196e-06
1630.578706853456;1624.26694663144;inf;101906.72566635604;7458.076171875;0.0;0.0;9.81335163116455;7.953506482786031e-06
1623.316330495825;1617.0372639013622;inf;103558.91823069111;7458.076171875;0.0;0.0;9.81335163116455;7.954230758796374e-06
1616.0880432468302;1609.8419658523549;inf;105203.72214669606;7458.076171875;0.0;0.0;9.81335163116455;7.95513679734669e-06
1608.893457547861;1602.680664662508;inf;106841.17176193604;7458.076171875;0.0;0.0;9.81335163116455;7.955916363244602e-06
1601.732192031508;1595.5529787024461;inf;108471.3010320157;7458.076171875;0.0;0.0;9.81335163116455;7.956533127340656e-06
1594.603871085289;1588.4585321305617;inf;110094.14352678857;7458.076171875;0.0;0.0;9.81335163116455;7.957218350854472e-06
1587.6469463264916;1581.5351035330013;inf;111678.12373704324;7458.076171875;0.0;0.0;9.81335163116455;7.958028440909301e-06
1580.5827827927017;1574.505397605917;inf;113286.6331581556;7458.076171875;0.0;0.0;9.81335163116455;7.958827134210854e-06
1573.5504784394063;1567.50784508921;inf;114887.95363619307;7458.076171875;0.0;0.0;9.81335163116455;7.959510399197896e-06
1566.6866500630963;1560.6783726252386;inf;116450.92774382106;7458.076171875;0.0;0.0;9.81335163116455;7.960179454131024e-06
1559.7164023824414;1553.7434590209982;inf;118038.10567274748;7458.076171875;0.0;0.0;9.81335163116455;7.960952106942212e-06
1552.7769770363795;1546.839661570483;inf;119618.18927211291;7458.076171875;0.0;0.0;9.81335163116455;7.961743906723721e-06
1545.868036528151;1539.9666426716028;inf;121191.20959222608;7458.076171875;0.0;0.0;9.81335163116455;7.962468012356105e-06
1538.9892482907474;1533.1240696720517;inf;122757.19734209438;7458.076171875;0.0;0.0;9.81335163116455;7.96316598293984e-06
1532.140284866272;1526.311615051228;inf;124316.18289487669;7458.076171875;0.0;0.0;9.81335163116455;7.963912018916366e-06
1525.3208235125019;1519.5289560279136;inf;125868.19629442133;7458.076171875;0.0;0.0;9.81335163116455;7.964687560886752e-06
1518.5305462802835;1512.775774624288;inf;127413.26725630043;7458.076171875;0.0;0.0;9.81335163116455;7.96543227142621e-06
1511.769139865202;1506.0517575389563;inf;128951.42517595005;7458.076171875;0.0;0.0;9.81335163116455;7.966148440488227e-06
1505.0362955227856;1499.3565960309231;inf;130482.69913139555;7458.076171875;0.0;0.0;9.81335163116455;7.966884878438797e-06
1498.3317090403787;1492.689985935433;inf;132007.1178913745;7458.076171875;0.0;0.0;9.81335163116455;7.967645966141825e-06
1491.655080468933;1486.051627347116;inf;133524.70991315146;7458.076171875;0.0;0.0;9.81335163116455;7.96839976872095e-06
1485.0061142687043;1479.441224805408;inf;135035.5033540401;7458.076171875;0.0;0.0;9.81335163116455;7.969129924593304e-06
1478.3845191726639;1472.8584871318774;inf;136539.5260698183;7458.076171875;0.0;0.0;9.81335163116455;7.969865923821946e-06
1471.790007935782;1466.3031272036444;inf;138036.80562462634;7458.076171875;0.0;0.0;9.81335163116455;7.970619786481848e-06
1465.222297519209;1459.7748621096584;inf;139527.3692909868;7458.076171875;0.0;0.0;9.81335163116455;7.971375451537094e-06
1458.6811087655647;1453.2734128480686;inf;141011.24405484681;7458.076171875;0.0;0.0;9.81335163116455;7.97211583183135e-06
1452.166166492512;1446.7985044102668;inf;142488.45661919878;7458.076171875;0.0;0.0;9.81335163116455;7.972854212461093e-06
1445.6771993123043;1440.3498656037689;inf;143959.03340951144;7458.076171875;0.0;0.0;9.81335163116455;7.973604385345724e-06
1439.213939736485;1433.927229151092;inf;145423.00057608273;7458.076171875;0.0;0.0;9.81335163116455;7.974360961407732e-06
1432.7761238293633;1427.5303313682905;inf;146880.3839997797;7458.076171875;0.0;0.0;9.81335163116455;7.975107226335073e-06
1426.3634914235229;1421.158912333952;inf;148331.20929334918;7458.076171875;0.0;0.0;9.81335163116455;7.975852467859366e-06
1419.975785844523;1414.8127156501057;inf;149775.50180600164;7458.076171875;0.0;0.0;9.81335163116455;7.976603746643437e-06
1413.6127538819178;1408.4914884187258;inf;151213.28662568377;7458.076171875;0.0;0.0;9.81335163116455;7.977359174856175e-06
1407.2741458769278;1402.1949812883784;inf;152644.5885880345;7458.076171875;0.0;0.0;9.81335163116455;7.97811177315244e-06
1400.9597155490683;1395.922948332794;inf;154069.43227182317;7458.076171875;0.0;0.0;9.81335163116455;7.978861914895554e-06
1394.6692198982728;1389.675146907387;inf;155487.84200919385;7458.076171875;0.0;0.0;9.81335163116455;7.979614466243244e-06
1388.4024192435115;1383.4513377139895;inf;156899.8418845978;7458.076171875;0.0;0.0;9.81335163116455;7.980371477767617e-06
1382.159077023277;1377.2512845999415;inf;158305.45573858963;7458.076171875;0.0;0.0;9.81335163116455;7.981128977055292e-06
1375.9389598226576;1371.0747545912416;inf;159704.70717385458;7458.076171875;0.0;0.0;9.81335163116455;7.9818825281817e-06
1369.741837411975;1364.9215179039184;inf;161097.61955532094;7458.076171875;0.0;0.0;9.81335163116455;7.982638919904126e-06
1363.5674825551012;1358.791347775242;inf;162484.21601643553;7458.076171875;0.0;0.0;9.81335163116455;7.983397646457772e-06
1357.4156709830654;1352.6840204382381;inf;163864.5194570911;7458.076171875;0.0;0.0;9.81335163116455;7.984158499917438e-06
1351.286181401681;1346.5993151130656;inf;165238.55255188036;7458.076171875;0.0;0.0;9.81335163116455;7.984918713225426e-06
1345.1787953537557;1340.5370138876024;inf;166606.33775102824;7458.076171875;0.0;0.0;9.81335163116455;7.985679166272854e-06
1339.09329730013;1334.496901797176;inf;167967.89728320774;7458.076171875;0.0;0.0;9.81335163116455;7.98644141502942e-06
1333.0294743223697;1328.4787665125566;inf;169323.25315619016;7458.076171875;0.0;0.0;9.81335163116455;7.987206021976566e-06
1326.987116456418;1322.4823986859797;inf;170672.42716471665;7458.076171875;0.0;0.0;9.81335163116455;7.987971209889309e-06
1320.9660162488644;1316.5075914997547;inf;172015.44088733173;7458.076171875;0.0;0.0;9.81335163116455;7.988735678514619e-06
1314.9659690390997;1310.5541409517114;inf;173352.31569465727;7458.076171875;0.0;0.0;9.81335163116455;7.989501574832233e-06
1308.9867727074532;1304.621845627326;inf;174683.0727469636;7458.076171875;0.0;0.0;9.81335163116455;7.990270847336251e-06
1303.1448646339354;1298.826215051775;inf;175981.81774087204;7458.076171875;0.0;0.0;9.81335163116455;7.991024244930387e-06
1297.206374599279;1292.9352308618945;inf;177300.52089255583;7458.076171875;0.0;0.0;9.81335163116455;7.991794828489963e-06
1291.4039981591686;1287.1797263486976;inf;178587.48804747756;7458.076171875;0.0;0.0;9.81335163116455;7.992551032920811e-06
1285.5054511520866;1281.329293010459;inf;179894.21792240022;7458.076171875;0.0;0.0;9.81335163116455;7.993325262812465e-06
1279.626789300426;1275.4990529560348;inf;181194.93203519227;7458.076171875;0.0;0.0;9.81335163116455;7.99409850654421e-06
1273.7678251179923;1269.6888195375318;inf;182489.65035879007;7458.076171875;0.0;0.0;9.81335163116455;7.994873894345951e-06
1267.9283734837331;1263.8984085111806;inf;183778.39267857256;7458.076171875;0.0;0.0;9.81335163116455;7.99565000740336e-06
1262.108251498199;1258.1276378710902;inf;185061.17859003297;7458.076171875;0.0;0.0;9.81335163116455;7.996428225727714e-06
1256.307278510087;1252.3763278837207;inf;186338.02750238508;7458.076171875;0.0;0.0;9.81335163116455;7.9972076635099e-06
1250.5252760551627;1246.6443010346704;inf;187608.95864209114;7458.076171875;0.0;0.0;9.81335163116455;7.997989436602548e-06
1244.7620678563212;1240.9313820300868;inf;188873.99105058762;7458.076171875;0.0;0.0;9.81335163116455;7.998771802968648e-06
1239.0174798078222;1235.2373977831385;inf;190133.1435944119;7458.076171875;0.0;0.0;9.81335163116455;7.999553891495677e-06
1233.2913399212277;1229.5621773269768;inf;191386.43495960138;7458.076171875;0.0;0.0;9.81335163116455;8.000339279288915e-06
1227.5834782596926;1223.9055517852776;inf;192633.88365733775;7458.076171875;0.0;0.0;9.81335163116455;8.00112621440549e-06
1221.8937268334403;1218.2673542805596;inf;193875.50802541955;7458.076171875;0.0;0.0;9.81335163116455;8.001914588807398e-06
1216.2219198104583;1212.6474201003205;inf;195111.32623207942;7458.076171875;0.0;0.0;9.81335163116455;8.00270371732963e-06
1210.5678931581274;1207.0455863695472;inf;196341.3562741751;7458.076171875;0.0;0.0;9.81335163116455;8.003494811225066e-06
1204.931484939746;1201.4616923355175;inf;197565.6159835423;7458.076171875;0.0;0.0;9.81335163116455;8.004287432969117e-06
1199.312535108661;1195.8955791703488;inf;198784.1230250484;7458.076171875;0.0;0.0;9.81335163116455;8.005081195365602e-06
1193.710885437851;1190.3470898919268;inf;199996.89490011986;7458.076171875;0.0;0.0;9.81335163116455;8.00587686307832e-06
1188.1263795367818;1184.8160693965742;inf;201203.94894861092;7458.076171875;0.0;0.0;9.81335163116455;8.006675191661381e-06
1182.558862920942;1179.3023645169712;inf;202405.3023523537;7458.076171875;0.0;0.0;9.81335163116455;8.00747423465041e-06
1177.008182928933;1173.8058239403645;inf;203600.972132909;7458.076171875;0.0;0.0;9.81335163116455;8.008274370327131e-06
1171.474188586032;1168.326298074338;inf;204790.97515686764;7458.076171875;0.0;0.0;9.81335163116455;8.00907743746413e-06
1165.9567306554995;1162.8636390864262;inf;205975.32813708857;7458.076171875;0.0;0.0;9.81335163116455;8.009880957959443e-06
1160.4556616753005;1157.4177009716489;inf;207154.04763220868;7458.076171875;0.0;0.0;9.81335163116455;8.010685429155528e-06
1155.078226256875;1152.0946390891545;inf;208304.20192895923;7458.076171875;0.0;0.0;9.81335163116455;8.011478437375675e-06
1149.609185190478;1146.6813906603943;inf;209471.81319566234;7458.076171875;0.0;0.0;9.81335163116455;8.0122873087006e-06
1144.1561034595716;1141.284438029215;inf;210633.83944308618;7458.076171875;0.0;0.0;9.81335163116455;8.013098096368017e-06
1138.718840157084;1135.9036418745259;inf;211790.29663821764;7458.076171875;0.0;0.0;9.81335163116455;8.013910952885872e-06
1133.2972560819649;1130.5388646419967;inf;212941.20060602727;7458.076171875;0.0;0.0;9.81335163116455;8.01472624460226e-06
1127.891213468425;1125.1899702064475;inf;214086.56702900294;7458.076171875;0.0;0.0;9.81335163116455;8.015543296936498e-06
1122.5005761435011;1119.856824116596;inf;215226.41144427937;7458.076171875;0.0;0.0;9.81335163116455;8.016360983607148e-06
1117.125209466924;1114.5392935004775;inf;216360.7492544453;7458.076171875;0.0;0.0;9.81335163116455;8.017181255948498e-06
1111.7649802862172;1109.2372469675097;inf;217489.59572039894;7458.076171875;0.0;0.0;9.81335163116455;8.018002680008388e-06
1106.419757002632;1103.9505547517267;inf;218612.96596749197;7458.076171875;0.0;0.0;9.81335163116455;8.018827296297564e-06
1101.0894093399766;1098.6790884522188;inf;219730.87498468917;7458.076171875;0.0;0.0;9.81335163116455;8.019652792625928e-06
1095.7738086234092;1093.4227213100019;inf;220843.33762997016;7458.076171875;0.0;0.0;9.81335163116455;8.020480645777888e-06
1090.4728274576685;1088.1813278638149;inf;221950.36862475483;7458.076171875;0.0;0.0;9.81335163116455;8.021309726630238e-06
1085.2898581156235;1083.0571235821008;inf;223030.43426315044;7458.076171875;0.0;0.0;9.81335163116455;8.022125393599836e-06
1080.0174592679155;1077.845019752583;inf;224126.7514004371;7458.076171875;0.0;0.0;9.81335163116455;8.022959081604534e-06
1074.7593088019319;1072.647524535312;inf;225217.67999748164;7458.076171875;0.0;0.0;9.81335163116455;8.02379542413242e-06
1069.617973829803;1067.566007259779;inf;226282.0004523869;7458.076171875;0.0;0.0;9.81335163116455;8.024616593685162e-06
1064.3876824027404;1062.3970908185142;inf;227362.29943944607;7458.076171875;0.0;0.0;9.81335163116455;8.025455618042215e-06
1059.1712801046517;1057.242430225773;inf;228437.25186762982;7458.076171875;0.0;0.0;9.81335163116455;8.026297429514493e-06
1053.9686489739327;1052.1019097908475;inf;229506.87157590443;7458.076171875;0.0;0.0;9.81335163116455;8.027141992987819e-06
1048.7796723396712;1046.9754151539037;inf;230571.17227945128;7458.076171875;0.0;0.0;9.81335163116455;8.02798818086221e-06
1043.705584511374;1041.9629469351135;inf;231609.45387054293;7458.076171875;0.0;0.0;9.81335163116455;8.02882004075116e-06
1038.5433097075072;1036.8638965023936;inf;232663.26087069558;7458.076171875;0.0;0.0;9.81335163116455;8.029669863850755e-06
1033.3943490619022;1031.7785387501287;inf;233711.78903781914;7458.076171875;0.0;0.0;9.81335163116455;8.030522682334245e-06
1028.2585907720384;1026.7067643926985;inf;234755.0516159794;7458.076171875;0.0;0.0;9.81335163116455;8.031376323189732e-06
1023.135924285489;1021.6484654510504;inf;235793.0617330937;7458.076171875;0.0;0.0;9.81335163116455;8.032233480368848e-06
1018.0262401904891;1016.6035351413959;inf;236825.83240180882;7458.076171875;0.0;0.0;9.81335163116455;8.033092639324173e-06
1012.9294302333599;1011.5718679081041;inf;237853.37652288924;7458.076171875;0.0;0.0;9.81335163116455;8.03395487081162e-06
1007.8453874429538;1006.5533594951299;inf;238875.70688064024;7458.076171875;0.0;0.0;9.81335163116455;8.034817031212745e-06
1002.7740057708894;1001.547906676074;inf;239892.8361537744;7458.076171875;0.0;0.0;9.81335163116455;8.035681998667113e-06
997.7151804656413;996.5554075323982;inf;240904.77690556773;7458.076171875;0.0;0.0;9.81335163116455;8.036550132558874e-06
992.6688077253874;991.5757611937715;inf;241911.54159269517;7458.076171875;0.0;0.0;9.81335163116455;8.037420897486516e-06
987.7333732219824;986.706136150146;inf;242893.55288199265;7458.076171875;0.0;0.0;9.81335163116455;8.038275576958598e-06
982.7113596783656;981.7516504911429;inf;243890.10326844594;7458.076171875;0.0;0.0;9.81335163116455;8.039149693204715e-06
977.7996124380106;976.9065043718966;inf;244862.12397291686;7458.076171875;0.0;0.0;9.81335163116455;8.040009862518089e-06
972.8015638218125;971.9767972696116;inf;245848.50766094017;7458.076171875;0.0;0.0;9.81335163116455;8.040889228027208e-06
967.8154691717284;967.0594597612354;inf;246829.77549621277;7458.076171875;0.0;0.0;9.81335163116455;8.041771653774722e-06
962.8412309959976;962.1543976521508;inf;247805.93930580013;7458.076171875;0.0;0.0;9.81335163116455;8.042654864354403e-06
957.878752941856;957.2615179378396;inf;248777.01081544242;7458.076171875;0.0;0.0;9.81335163116455;8.043540632169255e-06
952.9279396207747;952.3807286755061;inf;249743.00164562662;7458.076171875;0.0;0.0;9.81335163116455;8.044429340396415e-06
947.9886966650994;947.5119389922272;inf;250703.9233219477;7458.076171875;0.0;0.0;9.81335163116455;8.045320039172559e-06
943.0609306611789;942.6550590623806;inf;251659.78726600797;7458.076171875;0.0;0.0;9.81335163116455;8.046213112722574e-06
938.2408399004592;937.9048881208064;inf;252592.0097551077;7458.076171875;0.0;0.0;9.81335163116455;8.047091158664131e-06
933.3355308095485;933.0713330451613;inf;253537.8907350559;7458.076171875;0.0;0.0;9.81335163116455;8.047989793276413e-06
928.4414258992675;928.2494260448316;inf;254478.7474493303;7458.076171875;0.0;0.0;9.81335163116455;8.048889732412825e-06
923.5584357054266;923.4390815314467;inf;255414.59093606274;7458.076171875;0.0;0.0;9.81335163116455;8.049792367988189e-06
918.7818946837473;918.7342002753225;inf;256327.2283612158;7458.076171875;0.0;0.0;9.81335163116455;8.050679490319587e-06
913.9206549229264;913.9465047273972;inf;257253.17589318566;7458.076171875;0.0;0.0;9.81335163116455;8.05158709646018e-06
909.0702681862389;909.1701220054025;inf;258174.14253289346;7458.076171875;0.0;0.0;9.81335163116455;8.052497310588067e-06
904.3254400424761;904.4982972511652;inf;259072.22593689663;7458.076171875;0.0;0.0;9.81335163116455;8.053391486715413e-06
899.496293655364;899.7440779775372;inf;259983.3598428577;7458.076171875;0.0;0.0;9.81335163116455;8.054305926412525e-06
894.6777466823096;895.0009307155725;inf;260889.54437169735;7458.076171875;0.0;0.0;9.81335163116455;8.055222637987785e-06
889.8697158183159;890.2687766227968;inf;261790.78991986508;7458.076171875;0.0;0.0;9.81335163116455;8.056142569059159e-06
885.1720341757128;885.6579648270189;inf;262669.5804623371;7457.65966796875;0.0;0.0;9.81335163116455;8.047611457482873e-06
880.4008699708733;881.0136914148104;inf;263561.10961973935;7455.43310546875;0.0;0.0;9.81335163116455;7.4438195570266835e-06
875.6371954396851;876.3369988492348;inf;264447.7633395279;7454.63330078125;0.0;0.0;9.81335163116455;5.008339095290947e-06
870.8001142795022;871.571351783997;inf;265329.49498960783;7453.4169921875;0.0;0.0;9.81335163116455;1.9746979364917577e-06
865.9563347071337;866.8067606446016;inf;266206.2517872164;7452.4365234375;0.0;0.0;9.81335163116455;5.338988116661077e-07
861.1222297336163;862.0557376353783;inf;267078.0348539981;7451.68994140625;0.0;0.0;9.81335163116455;1.3430418744329397e-06
856.3467728082367;857.3621016988473;inf;267944.88580714585;7451.4453125;0.0;0.0;9.81335163116455;1.4873963367227683e-06
851.6183581720229;852.7137829695802;inf;268806.8558177422;7451.31591796875;0.0;0.0;9.81335163116455;1.3200455933122856e-06
846.9154436938857;848.0916650115234;inf;269663.98786096775;7451.2314453125;0.0;0.0;9.81335163116455;1.2975413523476633e-06
842.2057414902107;843.4632862532433;inf;270516.28640140605;7451.2060546875;0.0;0.0;9.81335163116455;1.3994484461028487e-06
837.4975348034498;838.8369730055421;inf;271363.7448463285;7451.15283203125;0.0;0.0;9.81335163116455;1.3626965172673654e-06
832.8122190292689;834.2340498536456;inf;272206.3789027693;7451.14111328125;0.0;0.0;9.81335163116455;1.28265764631828e-06
828.1366609212497;829.6414318162258;inf;273044.20681310655;7451.12890625;0.0;0.0;9.81335163116455;1.3148620571069127e-06
823.4671940620888;825.0554585639672;inf;273877.2323981847;7451.12890625;0.0;0.0;9.81335163116455;1.3579134601389662e-06
818.8070907782111;820.4794091114651;inf;274705.4643782311;7451.12890625;0.0;0.0;9.81335163116455;1.3277597415114563e-06
814.156280650193;815.913219300517;inf;275528.9118098726;7451.12890625;0.0;0.0;9.81335163116455;1.2777604490833106e-06
809.5146941086581;811.3568259647905;inf;276347.58367283037;7451.12890625;0.0;0.0;9.81335163116455;1.2814166699367836e-06
804.882262157291;806.8101666538921;inf;277161.4888692488;7451.12890625;0.0;0.0;9.81335163116455;1.3098888334057908e-06
800.2589167633286;802.273179995719;inf;277970.63622297614;7451.12890625;0.0;0.0;9.81335163116455;1.3006682092653067e-06
795.6445905279284;797.7458054112966;inf;278775.0344841153;7451.12890625;0.0;0.0;9.81335163116455;1.2653069475330311e-06
791.0392167831018;793.2279831826655;inf;279574.692327289;7451.12890625;0.0;0.0;9.81335163116455;1.2547867598924479e-06
786.4427296544941;788.7196545504122;inf;280369.6183525978;7451.12890625;0.0;0.0;9.81335163116455;1.2690175732595942e-06
781.8550638968303;784.2207615454373;inf;281159.82108417095;7451.12890625;0.0;0.0;9.81335163116455;1.2679979869739067e-06
777.2761551341545;779.7312471782733;inf;281945.3089760742;7451.12890625;0.0;0.0;9.81335163116455;1.2448068107387667e-06
772.7962412452083;775.3395839237884;inf;282710.8265092174;7451.1259765625;0.0;0.0;9.81335163116455;1.233899785217504e-06
768.2344872810645;770.8684779540761;inf;283487.00262500905;7451.1259765625;0.0;0.0;9.81335163116455;1.2350396988952779e-06
763.6813024482113;766.4065858237439;inf;284258.4886602601;7451.1259765625;0.0;0.0;9.81335163116455;1.227033391261487e-06
759.1366252928946;761.9538541427105;inf;285025.29278159514;7451.1259765625;0.0;0.0;9.81335163116455;1.2161163808301291e-06
754.6003948817859;757.5102302287221;inf;285787.4230819348;7451.1259765625;0.0;0.0;9.81335163116455;1.208007143307638e-06
750.0725510622048;753.07566235144;inf;286544.8875875027;7451.1259765625;0.0;0.0;9.81335163116455;1.2024004944860258e-06
745.5530344197562;748.6500996887403;inf;287297.6942510599;7451.1259765625;0.0;0.0;9.81335163116455;1.1950956257819348e-06
741.0417862246784;744.2334923173778;inf;288045.85096089647;7451.1259765625;0.0;0.0;9.81335163116455;1.1854111365414117e-06
736.5387484435247;739.8257911761807;inf;288789.3655333691;7451.1259765625;0.0;0.0;9.81335163116455;1.1765086083138744e-06
732.0438638379675;735.4269482093973;inf;289528.24571830267;7451.1259765625;0.0;0.0;9.81335163116455;1.1694824009640509e-06
727.5570757504793;731.0369161564998;inf;290262.499197877;7451.1259765625;0.0;0.0;9.81335163116455;1.162047267334748e-06
723.0783282630954;726.6556486870153;inf;290992.13358554477;7451.1259765625;0.0;0.0;9.81335163116455;1.152932926319445e-06
718.6075662554722;722.2831004609632;inf;291717.1564294344;7451.1259765625;0.0;0.0;9.81335163116455;1.1437137327701903e-06
714.144735193837;717.9192269868367;inf;292437.57521359064;7451.1259765625;0.0;0.0;9.81335163116455;1.1356586275930346e-06
709.6897813061238;713.5639847236024;inf;293153.39735414705;7451.1259765625;0.0;0.0;9.81335163116455;1.1277468794108386e-06
705.2426515674196;709.217331117588;inf;293864.63020246;7451.1259765625;0.0;0.0;9.81335163116455;1.118806757685965e-06
700.8032935999471;704.8792244992854;inf;294571.2810456434;7451.1259765625;0.0;0.0;9.81335163116455;1.1094291389210415e-06
696.3716556860672;700.5496241107006;inf;295273.3571070068;7451.1259765625;0.0;0.0;9.81335163116455;1.1006376273875387e-06
691.9476870085713;696.2284902998078;inf;295970.86554583244;7451.1259765625;0.0;0.0;9.81335163116455;1.092142677913454e-06
670.4955489433037;675.2893151872712;inf;299305.04070901824;7451.1259765625;0.0;0.0;9.81335163116455;1.0912877772898164e-06
627.1020414601073;633.012542458414;inf;305798.8883290271;7451.1259765625;0.0;0.0;9.81335163116455;1.0912877772898153e-06
584.3231021384661;591.454007254429;inf;311859.05529895495;7451.1259765625;0.0;0.0;9.81335163116455;1.0912877772898164e-06
542.2062587029408;550.6777282554989;inf;317478.8519770034;7451.1259765625;0.0;0.0;9.81335163116455;1.0912877772898153e-06
500.7263735498998;510.68221540422394;inf;322663.64914966386;7451.1259765625;0.0;0.0;9.81335163116455;1.0912877772898162e-06
459.86983482188674;471.48436756137477;inf;327418.31514876743;7451.1259765625;0.0;0.0;9.81335163116455;1.091287777289816e-06
419.638144652025;433.1254072067311;inf;331747.2429505462;7451.1259765625;0.0;0.0;9.81335163116455;1.0912877772898168e-06
380.05382687214063;395.67995699124583;inf;335654.3738902657;7451.1259765625;0.0;0.0;9.81335163116455;1.0912877772898156e-06
341.17030516897705;359.27002978126694;inf;339143.2184167234;7451.1259765625;0.0;0.0;9.81335163116455;1.0912877772898162e-06
303.088858719547;324.08676996686415;inf;342216.8742798901;7451.1259765625;0.0;0.0;9.81335163116455;1.0912877772898162e-06
265.9887081584745;290.42433765784057;inf;344878.04213945894;7451.1259765625;0.0;0.0;9.81335163116455;1.0912877772898153e-06
230.18235898638696;258.7320685751995;inf;347129.0389680532;7451.1259765625;0.0;0.0;9.81335163116455;1.091287777289816e-06
202.5272985525964;234.99150176494717;inf;348651.28709653905;7451.1259765625;0.0;0.0;9.81335163116455;1.0912877772898158e-06
197.57816873413094;230.82795061511123;inf;348903.65292374697;7451.1259765625;0.0;0.0;9.81335163116455;2.518948015972404e-06
194.30452692262043;228.09000771743615;inf;349067.22336843004;7451.1259765625;0.0;0.0;9.81335163116455;2.6099023678414404e-06
191.05935160455104;225.38903945013345;inf;349226.72847519733;7451.1259765625;0.0;0.0;9.81335163116455;2.7032470647574345e-06
187.84400366125084;222.7262941742744;inf;349382.16960991174;7451.1259765625;0.0;0.0;9.81335163116455;2.7991135589024245e-06
184.72205035558494;220.15411140697017;inf;349530.6189345493;7451.1259765625;0.0;0.0;9.81335163116455;2.8960143326063568e-06
181.57012126679027;217.57091732847243;inf;349678.015693774;7451.1259765625;0.0;0.0;9.81335163116455;2.9979195048558473e-06
178.45259218235515;215.02992594575403;inf;349821.3523340876;7451.1259765625;0.0;0.0;9.81335163116455;3.1026812472045337e-06
175.37118792637065;212.5325601088462;inf;349960.6300785536;7451.1259765625;0.0;0.0;9.81335163116455;3.2102909546297614e-06
172.3277379046531;210.08028642273035;inf;350095.8501156308;7451.1259765625;0.0;0.0;9.81335163116455;3.32103186142357e-06
169.32418151784358;207.67461480095798;inf;350227.0135980481;7451.1259765625;0.0;0.0;9.81335163116455;3.4350585172969013e-06
166.36257395968232;205.31709743618796;inf;350354.1216453166;7451.1259765625;0.0;0.0;9.81335163116455;3.5522513831159904e-06
163.4450914407101;203.00932800892002;inf;350477.17533836525;7451.1259765625;0.0;0.0;9.81335163116455;3.6725517742778374e-06
160.57403667252223;200.75293991084087;inf;350596.17572554725;7451.1259765625;0.0;0.0;9.81335163116455;3.796077635246379e-06
157.75184376118622;198.5496046350746;inf;350711.12382104853;7451.1259765625;0.0;0.0;9.81335163116455;3.922935112647871e-06
154.98108301543076;196.40102935902692;inf;350822.0206029244;7451.1259765625;0.0;0.0;9.81335163116455;4.053054965138633e-06
152.26446501627876;194.30895426836815;inf;350928.86701185233;7451.1259765625;0.0;0.0;9.81335163116455;4.186323408712839e-06
149.60484399028965;192.27514934023094;inf;351031.6639605337;7451.1259765625;0.0;0.0;9.81335163116455;4.3227167851387105e-06
147.00522043010034;190.3014106844717;inf;351130.4123200354;7451.1259765625;0.0;0.0;9.81335163116455;4.462235288665023e-06
144.4687421947615;188.38955629060527;inf;351225.1129284414;7451.1259765625;0.0;0.0;9.81335163116455;4.604757220523719e-06
141.99870442995297;186.54142119730187;inf;351315.76659381925;7451.1259765625;0.0;0.0;9.81335163116455;4.750078879166489e-06
139.5985476545605;184.7588521143713;inf;351402.3740836523;7451.1259765625;0.0;0.0;9.81335163116455;4.898028621169408e-06
137.27185352141774;183.04370154009365;inf;351484.9361327281;7451.1259765625;0.0;0.0;9.81335163116455;5.048436640844653e-06
135.0223385823585;181.39782130521147;inf;351563.4534439292;7451.1259765625;0.0;0.0;9.81335163116455;5.201038940683809e-06
132.8538449363163;179.82305533082035;inf;351637.9266837826;7451.1259765625;0.0;0.0;9.81335163116455;5.355499174556533e-06
130.77032766344678;178.32123209458936;inf;351708.3564833709;7451.1259765625;0.0;0.0;9.81335163116455;5.5114490617315394e-06
128.7758389454097;176.894156539515;inf;351774.74344025354;7451.1259765625;0.0;0.0;9.81335163116455;5.668494356347754e-06
126.87450811214437;175.5436013656777;inf;351837.088116496;7451.1259765625;0.0;0.0;9.81335163116455;5.826178993648548e-06
125.07051773057238;174.27129813013562;inf;351895.39103967254;7451.1259765625;0.0;0.0;9.81335163116455;5.983967815746608e-06
123.36807552535751;173.07892780322686;inf;351949.65270629304;7451.1259765625;0.0;0.0;9.81335163116455;6.141265522785688e-06
121.77138169743452;171.96811119046788;inf;351999.87357651733;7451.1259765625;0.0;0.0;9.81335163116455;6.297456181718609e-06
120.28459226489942;170.9403991775101;inf;352046.05407415004;7451.1259765625;0.0;0.0;9.81335163116455;6.451876606451851e-06
118.91177841440415;169.9972629621637;inf;352088.19459087844;7451.1259765625;0.0;0.0;9.81335163116455;6.603795441201321e-06
117.65688244469067;169.1400843187239;inf;352126.2954848672;7451.1259765625;0.0;0.0;9.81335163116455;6.752443386767848e-06
116.52367088179302;168.37014614830446;inf;352160.35707879765;7451.1259765625;0.0;0.0;9.81335163116455;6.897051429771113e-06
115.51568603590492;167.6886231506189;inf;352190.3796601244;7451.1259765625;0.0;0.0;9.81335163116455;7.036841614379972e-06
114.6361966218335;167.096573411229;inf;352216.36348352814;7451.1259765625;0.0;0.0;9.81335163116455;7.171016167323965e-06
113.88814945897299;166.594930122729;inf;352238.3087684688;7451.1259765625;0.0;0.0;9.81335163116455;7.298794374394339e-06
113.2741230418657;166.18449453358207;inf;352256.2157020478;7451.1259765625;0.0;0.0;9.81335163116455;7.419436253755921e-06
112.79628508024587;165.86592945722444;inf;352270.0844375193;7451.1259765625;0.0;0.0;9.81335163116455;7.5322602151872045e-06
112.45635535963667;165.6397538580034;inf;352279.91508809966;7451.1259765625;0.0;0.0;9.81335163116455;7.636643598398069e-06
112.25557515697645;165.50633863961176;inf;352285.7077392384;7451.1259765625;0.0;0.0;9.81335163116455;7.73202910646518e-06
112.19468472930612;165.46590352324864;inf;352287.4624393531;7451.1259765625;0.0;0.0;9.81335163116455;7.817959779433594e-06
112.2739095779742;165.51851528696145;inf;352285.1792036776;7451.1259765625;0.0;0.0;9.81335163116455;7.894090065688168e-06
112.49295638389597;165.66408706778847;inf;352278.8580145745;7451.1259765625;0.0;0.0;9.81335163116455;7.960178696498301e-06
112.8510183243592;165.90237923587225;inf;352268.49881590914;7451.1259765625;0.0;0.0;9.81335163116455;8.016092371693347e-06
113.34679004180337;166.2330013034236;inf;352254.1015206899;7451.1259765625;0.0;0.0;9.81335163116455;8.061812764071636e-06
113.97849126585528;166.65541517092961;inf;352235.6660080267;7451.1259765625;0.0;0.0;9.81335163116455;8.097435361733019e-06
114.74389820342084;167.168939632349;inf;352213.1921211062;7451.1259765625;0.0;0.0;9.81335163116455;8.123158631759763e-06
115.640381646049;167.7727558059838;inf;352186.6796667451;7451.1259765625;0.0;0.0;9.81335163116455;8.139275245134694e-06
116.66494997639983;168.46591365474936;inf;352156.1284252693;7451.1259765625;0.0;0.0;9.81335163116455;8.146159767047571e-06
123.9269464179482;162.91857526214088;inf;352121.5549367864;7435.3369140625;240000.0;310.0;9.81335163116455;8.146227378359786e-06
156.67270066756075;131.71455432608093;inf;352083.49104974046;7354.8125;240000.0;310.0;9.81335163116455;8.14182423701667e-06
189.9472422506264;101.47983852500529;inf;352042.2078431139;7274.28759765625;240000.0;310.0;9.81335163116455;8.131020127622612e-06
223.68523359207234;73.91007488201033;inf;351997.7324241146;7193.7626953125;240000.0;310.0;9.81335163116455;8.119461443757528e-06
257.8588177532729;54.011575697484666;inf;351950.0962568745;7113.23828125;240000.0;310.0;9.81335163116455;8.108650077504439e-06
292.45675837242817;52.34352734960303;inf;351899.33512129495;7032.71337890625;240000.0;310.0;9.81335163116455;8.098916594920477e-06
327.47614206518034;70.79405478358917;inf;351845.4891738392;6952.1884765625;240000.0;310.0;9.81335163116455;8.09024563281996e-06
362.918653114021;99.08507574576733;inf;351788.60328657494;6871.6640625;240000.0;310.0;9.81335163116455;8.08252247888621e-06
398.7888359922651;131.32553329864496;inf;351728.7273278815;6791.1396484375;240000.0;310.0;9.81335163116455;8.075607828618853e-06
435.09312657586224;165.49826073290058;inf;351665.916182518;6710.61474609375;240000.0;310.0;9.81335163116455;8.069376580820375e-06
471.83929435975995;200.85811370428883;inf;351600.2298836872;6630.09033203125;240000.0;310.0;9.81335163116455;8.063726012644264e-06
509.03609919288635;237.0861919306084;inf;351531.73395055835;6549.5654296875;240000.0;310.0;9.81335163116455;8.058570747677562e-06
546.6931500008857;274.02989298274974;inf;351460.4996773547;6469.04052734375;240000.0;310.0;9.81335163116455;8.053831337344141e-06
584.8208022059111;311.6109765635586;inf;351386.60423481895;6388.51611328125;240000.0;310.0;9.81335163116455;8.049446540056048e-06
623.430055181868;349.78824219093104;inf;351310.130881437;6307.9912109375;240000.0;310.0;9.81335163116455;8.045368022294088e-06
662.5325231955978;388.540671099699;inf;351231.16930222337;6227.466796875;240000.0;310.0;9.81335163116455;8.041555457022317e-06
702.1404407869329;427.8591140398074;inf;351149.81586991984;6146.9423828125;240000.0;310.0;9.81335163116455;8.037969585388114e-06
742.2666379943411;467.7418319045502;inf;351066.1738714237;6066.41748046875;240000.0;310.0;9.81335163116455;8.034581504305716e-06
782.9245496896078;508.19200500243505;inf;350980.35379530315;5985.892578125;240000.0;310.0;9.81335163116455;8.031368445886422e-06
824.1282235980307;549.2162636554854;inf;350892.47369041713;5905.3681640625;240000.0;310.0;9.81335163116455;8.02830843090156e-06
865.8923518239359;590.8238099560384;inf;350802.65949263435;5824.84326171875;240000.0;310.0;9.81335163116455;8.025381661003384e-06
908.2322974695612;633.0258636146667;inf;350711.04532280494;5744.318359375;240000.0;310.0;9.81335163116455;8.022571844042466e-06
951.1641141848123;675.835293422619;inf;350617.773832203;5663.7939453125;240000.0;310.0;9.81335163116455;8.019866448023991e-06
994.7045617007702;719.2663703222657;inf;350522.9966254559;5583.26904296875;240000.0;310.0;9.81335163116455;8.01725782880241e-06
1038.8711733119017;763.3346602920669;inf;350426.87473009026;5502.74462890625;240000.0;310.0;9.81335163116455;8.01472845252963e-06
1083.6823017829072;808.0569459569266;inf;350329.5788723631;5422.2197265625;240000.0;310.0;9.81335163116455;8.012269049957274e-06
1129.157132097141;853.4511381515288;inf;350231.2899119749;5341.6953125;240000.0;310.0;9.81335163116455;8.009878033829814e-06
1175.3157266218689;899.536255490582;inf;350132.1994733467;5261.17041015625;240000.0;310.0;9.81335163116455;8.007547764793095e-06
1222.1791142940342;946.332470289404;inf;350032.51043739833;5180.64599609375;240000.0;310.0;9.81335163116455;8.00526389214373e-06
1269.7693470489564;993.8611264079938;inf;349932.43728951004;5100.12109375;240000.0;310.0;9.81335163116455;8.003023946156072e-06
1317.1543127902114;1041.1905800325278;inf;349834.1720565794;5021.17529296875;240000.0;310.0;9.81335163116455;8.000871845852189e-06
1366.253228258179;1090.2373331056049;inf;349734.0198011983;4940.650390625;240000.0;310.0;9.81335163116455;7.998710838845146e-06
1416.1512628280743;1140.0872909581524;inf;349634.1979234185;4860.1259765625;240000.0;310.0;9.81335163116455;7.996577441368248e-06
1466.87513925964;1190.7668174985283;inf;349534.9733763506;4779.60107421875;240000.0;310.0;9.81335163116455;7.994471812986e-06
1518.45293558362;1242.303682479857;inf;349436.6279996324;4699.07666015625;240000.0;310.0;9.81335163116455;7.992393594743565e-06
1570.9142121806947;1294.727184207343;inf;349339.4593357855;4618.5517578125;240000.0;310.0;9.81335163116455;7.990331973313678e-06
1624.2901175683314;1348.0682481308497;inf;349243.7812657935;4538.02685546875;240000.0;310.0;9.81335163116455;7.988282809434346e-06
1678.6134860953648;1402.3595165668646;inf;349149.92482888524;4457.50244140625;240000.0;310.0;9.81335163116455;7.986245353087581e-06
1732.8248780517918;1456.541940007483;inf;349060.01373183087;4378.556640625;240000.0;310.0;9.81335163116455;7.984251501258874e-06
1789.1287357860979;1512.8186631603523;inf;348970.8134100643;4298.03173828125;240000.0;310.0;9.81335163116455;7.982217456390033e-06
1846.4892505651824;1570.1543615409228;inf;348884.53198224306;4217.50732421875;240000.0;310.0;9.81335163116455;7.980166284383718e-06
1904.9474488055514;1628.5899641249262;inf;348801.57731094456;4136.982421875;240000.0;310.0;9.81335163116455;7.978045311270165e-06
1928.2767086629326;1651.9246238040246;inf;348723.17140162876;4105.404296875;0.0;310.0;9.81335163116455;7.977801502386941e-06
1928.4388830192145;1652.110034300123;inf;348643.4746158755;4105.404296875;0.0;310.0;9.81335163116455;7.97965714470964e-06
1928.6010933367402;1652.295481673636;inf;348563.7668426826;4105.404296875;0.0;310.0;9.81335163116455;7.983959617508975e-06
1928.7633389559603;1652.4809651657379;inf;348484.04842251306;4105.404296875;0.0;310.0;9.81335163116455;7.988251131179385e-06
1928.925619170757;1652.6664839714474;inf;348404.3196941477;4105.404296875;0.0;310.0;9.81335163116455;7.990793101533101e-06
1929.0879333325613;1652.8520373416677;inf;348324.5810001631;4105.404296875;0.0;310.0;9.81335163116455;7.993448455668875e-06
1929.2502806840077;1653.0376244204572;inf;348244.8326821021;4105.404296875;0.0;310.0;9.81335163116455;7.997303535833602e-06
1929.4126606072923;1653.2232444899369;inf;348165.0750799191;4105.404296875;0.0;310.0;9.81335163116455;8.000891919790494e-06
1929.5750723885099;1653.4088967374323;inf;348085.30853555456;4105.404296875;0.0;310.0;9.81335163116455;8.003574325298551e-06
1929.737515366676;1653.594580401773;inf;348005.5333901007;4105.404296875;0.0;310.0;9.81335163116455;8.006478516147933e-06
1929.8999888108801;1653.7802946531178;inf;347925.74998577475;4105.404296875;0.0;310.0;9.81335163116455;8.009955757933482e-06
1930.0624920460211;1653.9660387163187;inf;347845.95866512647;4105.404296875;0.0;310.0;9.81335163116455;8.01315100468123e-06
1930.2250243790913;1654.1518117992764;inf;347766.1597687572;4105.404296875;0.0;310.0;9.81335163116455;8.015897438896733e-06
1930.387585149777;1654.3376131412997;inf;347686.35364094167;4105.404296875;0.0;310.0;9.81335163116455;8.01883017901838e-06
1930.5501736244462;1654.5234419096096;inf;347606.54062427673;4105.404296875;0.0;310.0;9.81335163116455;8.022007206718148e-06
1930.7127891135754;1654.7092973154195;inf;347526.7210604212;4105.404296875;0.0;310.0;9.81335163116455;8.025032635556335e-06
1930.8754309776102;1654.8951786186924;inf;347446.895294089;4105.404296875;0.0;310.0;9.81335163116455;8.02783214779827e-06
1931.0380984694814;1655.0810849730144;inf;347367.06366727606;4105.404296875;0.0;310.0;9.81335163116455;8.030631201692047e-06
1931.2007909144531;1655.2670156044314;inf;347287.226522935;4105.404296875;0.0;310.0;9.81335163116455;8.033531071240172e-06
1932.2614584607115;1656.3498738039216;inf;347207.7186888574;551.0;0.0;0.0;9.81335163116455;0.0
1932.423909166472;1656.5355054386623;inf;347127.97650554834;551.0;0.0;0.0;9.81335163116455;0.0
1932.5863748933368;1656.721150020334;inf;347048.233667245;551.0;0.0;0.0;9.81335163116455;0.0
1932.7488549805244;1656.9068067883707;inf;346968.49051903025;551.0;0.0;0.0;9.81335163116455;0.0
1932.9113486648782;1657.0924748803336;inf;346888.7474055311;551.0;0.0;0.0;9.81335163116455;0.0
1933.07385529126;1657.278153541662;inf;346809.0046719591;551.0;0.0;0.0;9.81335163116455;0.0
1933.2363741451493;1657.4638419582102;inf;346729.2626636971;551.0;0.0;0.0;9.81335163116455;0.0
1933.3989045588144;1657.6495393625803;inf;346649.52172634867;551.0;0.0;0.0;9.81335163116455;0.0
1933.561445773249;1657.8352448965454;inf;346569.7822052471;551.0;0.0;0.0;9.81335163116455;0.0
1933.7239971490544;1658.0209578209203;inf;346490.04444649024;551.0;0.0;0.0;9.81335163116455;0.0
1933.8865579532435;1658.2066773031047;inf;346410.30879602046;551.0;0.0;0.0;9.81335163116455;0.0
1934.0491274701749;1658.3924025280166;inf;346330.575599666;551.0;0.0;0.0;9.81335163116455;0.0
1934.2117050249406;1658.5781327211964;inf;346250.84520404076;551.0;0.0;0.0;9.81335163116455;0.0
1934.3742898660175;1658.763867031268;inf;346171.117955646;551.0;0.0;0.0;9.81335163116455;0.0
1934.5368813110547;1658.9496046766806;inf;346091.39420101093;551.0;0.0;0.0;9.81335163116455;0.0
1934.699478676786;1659.1353448742934;inf;346011.6742869724;551.0;0.0;0.0;9.81335163116455;0.0
1934.8620812312397;1659.321086792556;inf;345931.95856042416;551.0;0.0;0.0;9.81335163116455;0.0
1935.024688276984;1659.5068296344166;inf;345852.2473684822;551.0;0.0;0.0;9.81335163116455;0.0
1935.1872991058128;1659.6925725920323;inf;345772.5410585003;551.0;0.0;0.0;9.81335163116455;0.0
1935.3499129940394;1659.878314842375;inf;345692.8399777666;551.0;0.0;0.0;9.81335163116455;0.0
1935.51252925334;1660.0640555970324;inf;345613.14447392593;551.0;0.0;0.0;9.81335163116455;0.0
1935.6751471763537;1660.2497940495261;inf;345533.45489438786;551.0;0.0;0.0;9.81335163116455;0.0
1935.8377660283318;1660.4355293651413;inf;345453.77158733807;551.0;0.0;0.0;9.81335163116455;0.0
1936.0003851431372;1660.6212607778818;inf;345374.09490083496;551.0;0.0;0.0;9.81335163116455;0.0
1936.163003783743;1660.8069874512873;inf;345294.4251828755;551.0;0.0;0.0;9.81335163116455;0.0
1936.3256212477115;1660.9927085832155;inf;345214.7627818652;551.0;0.0;0.0;9.81335163116455;0.0
1936.488236794397;1661.1784233334085;inf;345135.10804632027;551.0;0.0;0.0;9.81335163116455;0.0
1936.6508497568664;1661.3641309351376;inf;345055.4613247847;551.0;0.0;0.0;9.81335163116455;0.0
1936.8134593895254;1661.5498305431818;inf;344975.82296599867;551.0;0.0;0.0;9.81335163116455;0.0
1936.976064992453;1661.7355213581457;inf;344896.19331872347;551.0;0.0;0.0;9.81335163116455;0.0
1937.1386658559352;1661.9212025705108;inf;344816.5727322764;551.0;0.0;0.0;9.81335163116455;0.0
1937.3012612285293;1662.1068733293168;inf;344736.96155552764;551.0;0.0;0.0;9.81335163116455;0.0
1937.46385043027;1662.2925328547988;inf;344657.3601378626;551.0;0.0;0.0;9.81335163116455;0.0
1937.6264327420652;1662.4781803280569;inf;344577.76882862695;551.0;0.0;0.0;9.81335163116455;0.0
1937.7890074461793;1662.663814931814;inf;344498.1879771785;551.0;0.0;0.0;9.81335163116455;0.0
1937.9515738247098;1662.8494358486046;inf;344418.6179335851;551.0;0.0;0.0;9.81335163116455;0.0
1938.1141311538934;1663.0350422549234;inf;344339.05904755683;551.0;0.0;0.0;9.81335163116455;0.0
1938.2766787367584;1663.2206333538584;inf;344259.5116688481;551.0;0.0;0.0;9.81335163116455;0.0
1938.4392158482353;1663.4062083208908;inf;344179.976147542;551.0;0.0;0.0;9.81335163116455;0.0
1938.6017417571422;1663.5917663249459;inf;344100.452833976;551.0;0.0;0.0;9.81335163116455;0.0
1938.7610693169097;1663.7736686823825;inf;344022.5009901462;551.0;0.0;0.0;9.81335163116455;0.0
1938.9235709322297;1663.9591906913176;inf;343943.0028867873;551.0;0.0;0.0;9.81335163116455;0.0
1939.086059192806;1664.1446932882684;inf;343863.5180356634;551.0;0.0;0.0;9.81335163116455;0.0
1939.2485334018234;1664.330175677043;inf;343784.04678708024;551.0;0.0;0.0;9.81335163116455;0.0
1939.4109928018793;1664.5156370003328;inf;343704.5894921151;551.0;0.0;0.0;9.81335163116455;0.0
1939.5734366995086;1664.7010764651022;inf;343625.14650155825;551.0;0.0;0.0;9.81335163116455;0.0
1939.73267968937;1664.882857861994;inf;343547.2754416446;551.0;0.0;0.0;9.81335163116455;0.0
1939.8950908077436;1665.0682516653264;inf;343467.8618157279;551.0;0.0;0.0;9.81335163116455;0.0
1940.057484270961;1665.25362116051;inf;343388.4635406749;551.0;0.0;0.0;9.81335163116455;0.0
1940.2198593513217;1665.4389655198977;inf;343309.0809678949;551.0;0.0;0.0;9.81335163116455;0.0
1940.3822153187766;1665.6242839140577;inf;343229.71444894886;551.0;0.0;0.0;9.81335163116455;0.0
1940.5445514685605;1665.809575538643;inf;343150.36433517735;551.0;0.0;0.0;9.81335163116455;0.0
1940.7068670455592;1665.9948395390104;inf;343071.0309784401;551.0;0.0;0.0;9.81335163116455;0.0
1940.8691613435715;1666.180075109022;inf;342991.71473048336;551.0;0.0;0.0;9.81335163116455;0.0
1941.0314336623533;1666.3652814490372;inf;342912.415942917;551.0;0.0;0.0;9.81335163116455;0.0
1941.1936832561248;1666.5504577136637;inf;342833.13496770046;551.0;0.0;0.0;9.81335163116455;0.0
1941.3559093833221;1666.7356030618744;inf;342753.87215730245;551.0;0.0;0.0;9.81335163116455;0.0
1941.518111329509;1666.9207166794677;inf;342674.6278638124;551.0;0.0;0.0;9.81335163116455;0.0
1941.680288379155;1667.1057977511787;inf;342595.4024393052;551.0;0.0;0.0;9.81335163116455;0.0
1941.8424397921685;1667.2908454378469;inf;342516.1962360579;551.0;0.0;0.0;9.81335163116455;0.0
1942.0045648442585;1667.47585891565;inf;342437.00960656535;551.0;0.0;0.0;9.81335163116455;0.0
1942.166662798754;1667.6608373482202;inf;342357.8429034556;551.0;0.0;0.0;9.81335163116455;0.0
1942.3287329223624;1667.8457799027985;inf;342278.69647912646;551.0;0.0;0.0;9.81335163116455;0.0
1942.4907744946358;1668.0306857592857;inf;342199.5706865173;551.0;0.0;0.0;9.81335163116455;0.0
1942.6527867886791;1668.2155540914748;inf;342120.4658784218;551.0;0.0;0.0;9.81335163116455;0.0
1942.8147690628348;1668.4003840585126;inf;342041.3824075564;551.0;0.0;0.0;9.81335163116455;0.0
1942.976720605672;1668.5851748489465;inf;341962.32062699506;551.0;0.0;0.0;9.81335163116455;0.0
1943.138640665942;1668.7699256125873;inf;341883.28088945744;551.0;0.0;0.0;9.81335163116455;0.0
1943.300528528267;1668.9546355343916;inf;341804.2635481345;551.0;0.0;0.0;9.81335163116455;0.0
1943.4623834727347;1669.139303794578;inf;341725.26895671466;551.0;0.0;0.0;9.81335163116455;0.0
1943.6242047584437;1669.3239295534695;inf;341646.2974678554;551.0;0.0;0.0;9.81335163116455;0.0
1943.785991624152;1669.5085119503801;inf;341567.34943517786;551.0;0.0;0.0;9.81335163116455;0.0
1943.9477433608013;1669.6930501768272;inf;341488.42521201493;551.0;0.0;0.0;9.81335163116455;0.0
1944.1031181194028;1669.8703092284588;inf;341412.61881243496;551.0;0.0;0.0;9.81335163116455;0.0
1944.2647988222475;1670.0547584045667;inf;341333.74230092275;551.0;0.0;0.0;9.81335163116455;0.0
