OrbitalSpeed;SurfaceSpeed;TerminalVelocity;Altitude;Mass;Thrust;SpecificImpulse;SurfaceGravity;AerodynamicForce
174.9662754288611;0.003128130288344376;186.03465270996094;82.25945570773911;49758.08984375;0.0;0.0;9.81335163116455;0.0009091365615117255
174.99181045589782;3.246543842387099;659.7534790039062;82.6044165721396;49669.27734375;1380690.25;285.3426513671875;9.81335163116455;9.59366188371308
176.28169163776064;21.79431376732154;657.1358642578125;95.54470908700023;49165.99609375;1380950.25;285.3963928222656;9.81335163116455;512.7808418075039
179.5384055169537;40.62697532394156;655.2785034179688;127.5520941595314;48662.71875;1381613.75;285.53350830078125;9.81335163116455;1801.0263569380222
184.74444545468037;59.74283116501906;653.8331909179688;178.9162833755836;48159.4375;1382678.375;285.7535400390625;9.81335163116455;3892.7501124329715
191.66672860676735;78.75679108109352;653.4548950195312;248.34205038577784;47666.02734375;1384104.25;286.0482177734375;9.81335163116455;6721.357492922757
200.48060235189908;98.4273067035018;654.19189453125;338.8873514820589;47162.75;1385936.25;286.42681884765625;9.81335163116455;10363.974491465346
210.70706144622665;117.98491544612274;656.460205078125;447.2742197170155;46669.3359375;1388086.0;286.87109375;9.81335163116455;14253.334397401846
222.60149798841604;138.2237551454358;660.38916015625;578.1256426033797;46166.05859375;1390618.375;287.39447021484375;9.81335163116455;18202.45442083917
235.83653618795287;158.77094255726377;665.8607177734375;729.7794811879285;45662.77734375;1393469.625;287.98370361328125;9.81335163116455;22112.732737791655
250.2909724436873;179.63952342922806;673.10302734375;902.5574931668816;45159.49609375;1396612.0;288.6331481933594;9.81335163116455;26200.657977305535
265.8446183409219;200.8349404705382;682.4595336914062;1096.790907164337;44656.21875;1400016.25;289.336669921875;9.81335163116455;30874.954941844084
282.3849624423902;222.35492863798433;694.0216674804688;1312.8123295929981;44152.94140625;1403650.75;290.08782958984375;9.81335163116455;36166.535317645474
299.8268711190864;244.20671203697128;708.2547607421875;1550.9548279457958;43649.6640625;1407483.75;290.8799743652344;9.81335163116455;41410.80430181597
318.1033021315727;266.4066733117328;725.493408203125;1811.5652400662657;43146.3828125;1411482.75;291.7064514160156;9.81335163116455;46430.381312564896
337.16411838785376;288.9728463193602;745.4321899414062;2095.0081175486557;42643.1015625;1415616.625;292.5607604980469;9.81335163116455;51146.44037697744
356.98817908569544;311.94386493009455;777.1073608398438;2401.6727005511057;42139.82421875;1419854.375;293.43658447265625;9.81335163116455;54196.001086539916
377.55258012123585;335.34705890228855;812.8619384765625;2731.989824200049;41636.54296875;1424168.25;294.3280944824219;9.81335163116455;56554.18586601185
398.87884014246197;359.249343805306;858.684814453125;3086.4331051751506;41133.265625;1428530.5;295.2296447753906;9.81335163116455;57440.24325577068
420.91101171737154;383.62092976416295;878.0122680664062;3465.5070317141945;40629.98828125;1432916.625;296.1360778808594;9.81335163116455;61845.55015789014
443.59419155420306;408.43327854033896;902.6948852539062;3869.665152505855;40126.70703125;1437301.875;297.0423889160156;9.81335163116455;65446.3450280539
466.95220338409894;433.73986707568037;939.005859375;4299.383196799434;39623.4296875;1441663.875;297.94384765625;9.81335163116455;67276.56490845732
491.01801289615355;459.5972258285612;986.7520141601562;4755.194704916328;39120.1484375;1445981.25;298.83612060546875;9.81335163116455;67435.53520572733
515.8293297203793;486.0629433258127;1048.231689453125;5237.691054866184;38616.8671875;1450234.75;299.7151794433594;9.81335163116455;65859.84458884363
541.4290512639319;513.1971726443767;1125.9210205078125;5747.524109977181;38113.58984375;1454405.625;300.5771484375;9.81335163116455;62675.8080843358
567.8551233966643;541.0517847068166;1219.594970703125;6285.403785799863;37610.30859375;1458475.75;301.4183349609375;9.81335163116455;58451.75861749266
595.1307441565195;569.6607171181295;1324.6009521484375;6852.084334172658;37107.02734375;1462428.0;302.235107421875;9.81335163116455;54055.42350196537
623.2533280316677;599.0293823656068;1425.8294677734375;7448.340815127478;36603.75;1466244.5;303.02386474609375;9.81335163116455;50746.4349448724
652.183043361787;629.1235125149476;1499.95458984375;8074.933528269059;36100.47265625;1469907.875;303.78094482421875;9.81335163116455;49738.75597780103
681.8914237555709;659.920202934151;1573.890869140625;8732.584733146592;35597.1953125;1473400.25;304.5027160644531;9.81335163116455;48870.686584549745
712.407049976321;691.4555118772716;1672.5113525390625;9422.026244965498;35093.9140625;1476678.125;305.1801452636719;9.81335163116455;46700.47895764421
743.7648735639833;723.771746724936;1785.4423828125;10144.036070688977;34590.63671875;1479682.5;305.801025390625;9.81335163116455;44152.04511164382
775.9690040505211;756.8782040074832;1910.954345703125;10899.418224371388;34087.35546875;1482415.0;306.3657531738281;9.81335163116455;42419.63314124828
809.0024104187127;790.7613279360912;2050.404052734375;11688.971194230136;33584.07421875;1484884.25;306.8760681152344;9.81335163116455;41423.77831930701
842.8684095195939;825.4282514433329;2206.365966796875;12513.488518230035;33080.796875;1487097.375;307.3334655761719;9.81335163116455;40319.14986654827
877.591778247436;860.9080733232729;2381.8427734375;13373.783147849957;32577.515625;1489065.5;307.7402038574219;9.81335163116455;38582.895451662225
913.2104213230028;897.242824221796;2580.229736328125;14270.705150815193;32074.236328125;1490804.0;308.0995178222656;9.81335163116455;36004.39997231164
949.7676836176015;934.479459952505;2804.982177734375;15205.15071449359;31570.95703125;1492324.75;308.41375732421875;9.81335163116455;32646.533318968388
987.2987160925746;972.6561398258632;3060.65478515625;16178.061043008463;31067.6796875;1493638.875;308.68536376953125;9.81335163116455;29141.1516304121
1025.8257438997632;1011.7974800492606;3358.67431640625;17190.407796638086;30564.3984375;1494768.125;308.9187316894531;9.81335163116455;25677.88770663792
1065.368054443534;1051.9247422809049;3697.71875;18243.18616110494;30061.119140625;1495730.75;309.11767578125;9.81335163116455;22445.44113796869
1105.9428162556553;1093.0569153713118;4081.23974609375;19337.41144964972;29557.841796875;1496538.25;309.2845458984375;9.81335163116455;19492.553950152145
1147.5675906355198;1135.213237938443;4513.80810546875;20474.118323207484;29054.560546875;1497207.875;309.4229736328125;9.81335163116455;16834.25904574598
1190.2624100352848;1178.4152715985485;5008.78125;21654.362076118123;28551.28125;1497765.375;309.5381774902344;9.81335163116455;14422.058859721925
1234.0511342061586;1222.688353398629;5582.29931640625;22879.22201905877;28048.00390625;1498229.125;309.6340026855469;9.81335163116455;12231.366090534382
1278.9588382577144;1268.058926610776;6239.470703125;24149.804100248613;27544.724609375;1498605.875;309.7118835449219;9.81335163116455;10299.77269282328
1325.0114791754454;1314.5541791985984;6983.24951171875;25467.24154669908;27041.443359375;1498906.625;309.7740173339844;9.81335163116455;8638.811103672424
1372.238643387205;1362.204861092369;7869.30517578125;26832.696682979935;26538.166015625;1499145.375;309.8233947753906;9.81335163116455;7138.035481166597
1420.6752254548844;1411.0469746966949;8924.892578125;28247.36644524231;26034.88671875;1499338.25;309.8632507324219;9.81335163116455;5815.376688046884
1470.3566777400345;1461.1170137435845;10153.822265625;29712.484714116203;25531.607421875;1499490.75;309.8947448730469;9.81335163116455;4702.385504085046
1521.3204033353497;1512.4533088581716;11551.5400390625;31229.323464371962;25028.326171875;1499608.0;309.9189758300781;9.81335163116455;3798.066847950851
1573.6070867148107;1565.0974118345562;13123.564453125;32799.19531962788;24525.048828125;1499697.375;309.9374694824219;9.81335163116455;3072.452078318941
1627.2622604495955;1619.0956858879622;14960.099609375;34423.45765936433;24021.76953125;1499768.25;309.95208740234375;9.81335163116455;2465.7973085787794
1682.3366702640149;1674.499661723887;17129.861328125;36103.51798593125;23518.490234375;1499824.125;309.9636535644531;9.81335163116455;1959.1046105487678
1738.8844989692864;1731.3642262931355;19617.94921875;37840.83817101712;23015.2109375;1499867.125;309.9725341796875;9.81335163116455;1554.202466993353
1796.9632157166432;1789.7475860005852;22153.8359375;39636.937847931986;22511.931640625;1499899.25;309.97918701171875;9.81335163116455;1266.7321514999683
1856.6355098774045;1849.7129961574146;24920.31640625;41493.39828622271;22008.65234375;1499923.625;309.9842224121094;9.81335163116455;1039.3678637672124
1895.8090564023225;1889.0890592091287;28082.923828125;43408.07834471692;21663.265625;0.0;309.9883117675781;9.81335163116455;836.5664452096985
1887.1305572323215;1880.4354480811826;32133.986328125;45330.25334462803;21663.265625;0.0;309.991455078125;9.81335163116455;628.438529176798
1878.5118122413464;1871.8419630330457;36733.796875;47243.61706988653;21663.265625;0.0;309.9937744140625;9.81335163116455;475.505281093641
1870.4519165150175;1863.8061698746424;41739.984375;49036.43388595723;21663.265625;0.0;309.9953918457031;9.81335163116455;370.43405032630073
1862.1075993590412;1855.4872901155954;47971.953125;50895.75804863521;21663.265625;0.0;309.9966735839844;9.81335163116455;285.6907710628623
1853.7967343740556;1847.2031208216179;45702.4296875;52791.041770855896;7458.09033203125;0.0;0.0;9.81335163116455;110.9340163441902
1845.385461678935;1838.8184598194646;53280.8984375;54670.548467094195;7458.09033203125;0.0;0.0;9.81335163116455;83.32635656730055
1837.025511583871;1830.485460719903;61916.6328125;56541.51068969013;7458.09033203125;0.0;0.0;9.81335163116455;62.660463036354045
1828.7155228507975;1822.2027572121892;72714.46875;58403.979792488506;7458.09033203125;0.0;0.0;9.81335163116455;45.94373443431312
1820.4543307557476;1813.9691819995774;87060.5859375;60258.00589370902;7458.09033203125;0.0;0.0;9.81335163116455;34.32283588333457
1812.2406623666332;1805.7834576333476;104895.34375;62103.63783294754;7458.09033203125;0.0;0.0;9.81335163116455;26.367877490536255
1804.073637959419;1797.6447017415846;129836.15625;63940.92334263236;7458.09033203125;0.0;0.0;9.81335163116455;19.22835058320401
1795.952684794714;1789.5523410191681;175937.09375;65769.90943647362;7458.09033203125;0.0;0.0;9.81335163116455;11.6567958238862
1787.8772336335048;1781.5058056352211;290850.34375;67590.64257736655;7458.09033203125;0.0;0.0;9.81335163116455;4.815830559068709
1779.8464793083742;1773.5042881781633;1070201.125;69403.16853307327;7458.09033203125;0.0;0.0;9.81335163116455;0.47228884746730493
1771.8597003578673;1765.5470613409245;inf;71207.58384785627;7458.09033203125;0.0;0.0;9.81335163116455;9.80513015714674e-06
1763.915918929716;1757.633145398362;inf;73003.90886765055;7458.09033203125;0.0;0.0;9.81335163116455;9.802509279457629e-06
1756.0144473901241;1749.7618532279935;inf;74792.15857766918;7458.09033203125;0.0;0.0;9.81335163116455;9.799947887767166e-06
1748.1547631006442;1741.9326616762207;inf;76572.37562358845;7458.09033203125;0.0;0.0;9.81335163116455;9.797386423772434e-06
1740.4892611658051;1734.2973583173673;inf;78309.92912417906;7458.09033203125;0.0;0.0;9.81335163116455;9.794805192168135e-06
1732.7108248329414;1726.550033865302;inf;80074.36215116293;7458.09033203125;0.0;0.0;9.81335163116455;9.792133472667455e-06
1724.9726706884817;1718.8433035603832;inf;81830.88653145032;7458.09033203125;0.0;0.0;9.81335163116455;9.789489341421058e-06
1717.274310801319;1711.1766790161996;inf;83579.54287019907;7458.09033203125;0.0;0.0;9.81335163116455;9.786854461596053e-06
1709.765067546754;1703.698850862724;inf;85286.31237772049;7458.09033203125;0.0;0.0;9.81335163116455;9.784228498228785e-06
1702.1441071891843;1696.1102415660168;inf;87019.50482278957;7458.09033203125;0.0;0.0;9.81335163116455;9.781510038731393e-06
1694.5615341942869;1688.5603299790928;inf;88744.94735969848;7458.09033203125;0.0;0.0;9.81335163116455;9.778793271806984e-06
1687.0168921562863;1681.0486593274686;inf;90462.67868403299;7458.09033203125;0.0;0.0;9.81335163116455;9.77608426266402e-06
1679.6565737292478;1673.7209664010923;inf;92139.27998395415;7458.09033203125;0.0;0.0;9.81335163116455;9.773401710781321e-06
1672.185731782236;1666.2837087641165;inf;93841.85248570167;7458.09033203125;0.0;0.0;9.81335163116455;9.77063030447606e-06
1664.7515039635623;1658.8833743056211;inf;95536.82640246325;7458.09033203125;0.0;0.0;9.81335163116455;9.767846920922783e-06
1657.3534628511413;1651.5195353205966;inf;97224.2386427956;7458.09033203125;0.0;0.0;9.81335163116455;9.765067428040994e-06
1649.9911876208373;1644.1917707432476;inf;98904.12568190938;7458.09033203125;0.0;0.0;9.81335163116455;9.762267025876578e-06
1642.6631919954018;1636.9008223985852;inf;100576.52375526249;7458.09033203125;0.0;0.0;9.81335163116455;1.0155353635392439e-05
1635.3712060821351;1629.643973430567;inf;102241.46868795564;7458.09033203125;0.0;0.0;9.81335163116455;1.0156377245459264e-05
1628.1137638945172;1622.4219760979106;inf;103898.99532532692;7458.09033203125;0.0;0.0;9.81335163116455;1.0157408924087723e-05
1620.8904707578934;1615.2344355569458;inf;105549.13848664332;7458.09033203125;0.0;0.0;9.81335163116455;1.0158443966266084e-05
1613.7009383485608;1608.0809633389495;inf;107191.93259492808;7458.09033203125;0.0;0.0;9.81335163116455;1.0159472331219484e-05
1606.5447842492326;1600.961176873356;inf;108827.41167991038;7458.09033203125;0.0;0.0;9.81335163116455;1.0160499811553767e-05
1599.4216320926441;1593.8746996967277;inf;110455.60938567715;7458.09033203125;0.0;0.0;9.81335163116455;1.0161531476235922e-05
1592.3311113354898;1586.821161165843;inf;112076.55897657131;7458.09033203125;0.0;0.0;9.81335163116455;1.0162564927819422e-05
1585.2728570197637;1579.8001962458495;inf;113690.293343861;7458.09033203125;0.0;0.0;9.81335163116455;1.0163595448134433e-05
1578.246509863844;1572.8114456050314;inf;115296.84501011553;7458.09033203125;0.0;0.0;9.81335163116455;1.0164624595320261e-05
1571.251716062823;1565.8545554097939;inf;116896.24613354146;7458.09033203125;0.0;0.0;9.81335163116455;1.0165657306733995e-05
1564.288127144536;1558.929177167086;inf;118488.52851660899;7458.09033203125;0.0;0.0;9.81335163116455;1.0166693620079894e-05
1557.3553998865295;1552.0349676587448;inf;120073.72360993898;7458.09033203125;0.0;0.0;9.81335163116455;1.0167726083611883e-05
1550.4531962777414;1545.171588907218;inf;121651.86251721566;7458.09033203125;0.0;0.0;9.81335163116455;1.0168758307207332e-05
1543.5811832654774;1538.338707899319;inf;123222.97600085137;7458.09033203125;0.0;0.0;9.81335163116455;1.0169794452484407e-05
1536.7390327363578;1531.535996602895;inf;124787.09448907338;7458.09033203125;0.0;0.0;9.81335163116455;1.0170830122971121e-05
1529.9264216387605;1524.7631320546395;inf;126344.24807585077;7458.09033203125;0.0;0.0;9.81335163116455;1.0171867636279676e-05
1523.1430314597837;1518.019795833904;inf;127894.46652679087;7458.09033203125;0.0;0.0;9.81335163116455;1.0172903257302624e-05
1516.3885483111678;1511.3056742016383;inf;129437.77928994375;7458.09033203125;0.0;0.0;9.81335163116455;1.0173941246634025e-05
1509.662663062689;1504.6204581707445;inf;130974.21549578733;7458.09033203125;0.0;0.0;9.81335163116455;1.0174980409608523e-05
1502.9650709936595;1497.9638431987528;inf;132503.8039606379;7458.09033203125;0.0;0.0;9.81335163116455;1.017602092309023e-05
1496.4259810819608;1491.4652259721288;inf;133996.78033825045;7458.09033203125;0.0;0.0;9.81335163116455;1.0177038887592639e-05
1489.7835385100996;1484.8643707986862;inf;135512.89143330103;7458.09033203125;0.0;0.0;9.81335163116455;1.0178082729089323e-05
1483.1685066696805;1478.2912348734856;inf;137022.23886274046;7458.09033203125;0.0;0.0;9.81335163116455;1.0179125480760167e-05
1476.5805979660886;1471.7455308477488;inf;138524.8502444449;7458.09033203125;0.0;0.0;9.81335163116455;1.0180168144222582e-05
1470.019528673649;1465.2269752903387;inf;140020.7529038603;7458.09033203125;0.0;0.0;9.81335163116455;1.0181212956409893e-05
1463.485019249483;1458.735288944682;inf;141509.9738812968;7458.09033203125;0.0;0.0;9.81335163116455;1.018225866497191e-05
1456.976794059462;1452.2701965058345;inf;142992.53993133514;7458.09033203125;0.0;0.0;9.81335163116455;1.018330609356437e-05
1450.4945812062233;1445.8314264102557;inf;144468.47753204987;7458.09033203125;0.0;0.0;9.81335163116455;1.0184355137998385e-05
1444.164464375781;1439.544201827558;inf;145909.0656822623;7458.09033203125;0.0;0.0;9.81335163116455;1.0185381739141862e-05
1437.7329788067611;1433.156774066783;inf;147371.95341957256;7458.09033203125;0.0;0.0;9.81335163116455;1.0186432360184502e-05
1431.32671761017;1426.7948818491625;inf;148828.29000395304;7458.09033203125;0.0;0.0;9.81335163116455;1.0187485159129489e-05
1424.9454236963552;1420.458268523495;inf;150278.10084003815;7458.09033203125;0.0;0.0;9.81335163116455;1.0188540534569862e-05
1418.5888434006022;1414.1466808711225;inf;151721.41107322904;7458.09033203125;0.0;0.0;9.81335163116455;1.0189594396806535e-05
1412.2567265239877;1407.8598691735722;inf;153158.24559125968;7458.09033203125;0.0;0.0;9.81335163116455;1.0190649340384468e-05
1405.9488262323164;1401.5975870941736;inf;154588.62902719108;7458.09033203125;0.0;0.0;9.81335163116455;1.01917072527e-05
1399.6648990933309;1395.3595917306209;inf;156012.58576573734;7458.09033203125;0.0;0.0;9.81335163116455;1.0192767188057455e-05
1393.40470489573;1389.1456434161626;inf;157430.1399458244;7458.09033203125;0.0;0.0;9.81335163116455;1.0193828037742208e-05
1387.1680066843712;1382.955505772577;inf;158841.31546093;7458.09033203125;0.0;0.0;9.81335163116455;1.0194888625012215e-05
1380.9545705900534;1376.7889455268523;inf;160246.1359655438;7458.09033203125;0.0;0.0;9.81335163116455;1.0195952303251831e-05
1374.7641659319613;1370.6457326190853;inf;161644.62487665063;7458.09033203125;0.0;0.0;9.81335163116455;1.0197019343726991e-05
1368.5965649881734;1364.5256399723028;inf;163036.80537783972;7458.09033203125;0.0;0.0;9.81335163116455;1.0198086877190476e-05
1362.451543128353;1358.4284436232367;inf;164422.70042204612;7458.09033203125;0.0;0.0;9.81335163116455;1.0199154146883055e-05
1356.3288785502946;1352.3539224597694;inf;165802.3327330983;7458.09033203125;0.0;0.0;9.81335163116455;1.0200226019232949e-05
1350.2283524693596;1346.301858421676;inf;167175.7248125635;7458.09033203125;0.0;0.0;9.81335163116455;1.0201298384063606e-05
1344.149748803958;1340.2720361715635;inf;168542.89893737074;7458.09033203125;0.0;0.0;9.81335163116455;1.0202372410603679e-05
1338.0928543930777;1334.2642433232443;inf;169903.87716683128;7458.09033203125;0.0;0.0;9.81335163116455;1.0203447904757236e-05
1332.1755944953825;1328.395433767412;inf;171232.17576128757;7458.09033203125;0.0;0.0;9.81335163116455;1.0204505418427968e-05
1326.1610742929715;1322.4306515200121;inf;172580.94794217753;7458.09033203125;0.0;0.0;9.81335163116455;1.0205585029264534e-05
1320.1676439737298;1316.487281754332;inf;173923.58869954338;7458.09033203125;0.0;0.0;9.81335163116455;1.0206666566062885e-05
1314.19510093184;1310.565122735617;inf;175260.11924536375;7458.09033203125;0.0;0.0;9.81335163116455;1.0207751095890206e-05
1308.2432451468942;1304.6639753522763;inf;176590.56058859965;7458.09033203125;0.0;0.0;9.81335163116455;1.020883564621546e-05
1302.3118791510985;1298.7836430646687;inf;177914.9335345265;7458.09033203125;0.0;0.0;9.81335163116455;1.0209924515284387e-05
1296.400807993957;1292.9239318838784;inf;179233.2586872558;7458.09033203125;0.0;0.0;9.81335163116455;1.0211015304215729e-05
1290.5510120276895;1287.1548207011303;inf;180545.57737084944;7456.466796875;0.0;0.0;9.81335163116455;9.937606847764315e-06
1284.800357978438;1281.4756098238854;inf;181826.3980561156;7454.46435546875;0.0;0.0;9.81335163116455;7.945370920230544e-06
1278.8791655645737;1275.6031887681736;inf;183126.8544552297;7453.08935546875;0.0;0.0;9.81335163116455;3.6467994292492737e-06
1272.941519651609;1269.7155488512212;inf;184421.25522039703;7451.837890625;0.0;0.0;9.81335163116455;2.5575073399786946e-06
1267.0465100262586;1263.87596816723;inf;185709.6198132292;7451.05078125;0.0;0.0;9.81335163116455;4.139005481715117e-06
1261.1865335519233;1258.071966116663;inf;186991.96804983553;7450.57177734375;0.0;0.0;9.81335163116455;4.471054978277169e-06
1255.3839083840246;1252.3243336247497;inf;188268.3610815399;7450.35693359375;0.0;0.0;9.81335163116455;4.523024303056325e-06
1249.6466217518416;1246.6410547157086;inf;189538.8632488685;7450.2578125;0.0;0.0;9.81335163116455;4.277098394994109e-06
1243.9178885699419;1240.966836854108;inf;190803.51110936888;7450.1787109375;0.0;0.0;9.81335163116455;4.466389211037723e-06
1238.1848223124982;1235.2888024315985;inf;192062.3025989225;7450.1328125;0.0;0.0;9.81335163116455;4.427840828001549e-06
1232.5938429816322;1229.7520025666283;inf;193290.73696532578;7450.08642578125;0.0;0.0;9.81335163116455;4.393377252206369e-06
1226.9221813687377;1224.1358431202877;inf;194537.9871039798;7450.05078125;0.0;0.0;9.81335163116455;4.370681185919374e-06
1221.2577043199942;1218.527284660789;inf;195779.44491615973;7450.0322265625;0.0;0.0;9.81335163116455;4.428430478664697e-06
1215.6046267550657;1212.9305264713846;inf;197015.11877155525;7450.0126953125;0.0;0.0;9.81335163116455;4.414022204362668e-06
1209.9753010650531;1207.3578098587836;inf;198245.02851778676;7450.0126953125;0.0;0.0;9.81335163116455;4.354452420104989e-06
1204.3634589428214;1201.8029238706545;inf;199469.19393631874;7450.0126953125;0.0;0.0;9.81335163116455;4.378259861503312e-06
1198.768941730584;1196.2657113491239;inf;200687.63257252146;7450.0126953125;0.0;0.0;9.81335163116455;4.404006460424697e-06
1193.191592878918;1190.7460172899598;inf;201900.36180905253;7450.0126953125;0.0;0.0;9.81335163116455;4.399981511163952e-06
1187.6312574225083;1185.2436882983184;inf;203107.39886838896;7450.0126953125;0.0;0.0;9.81335163116455;4.36364829163881e-06
1182.087782479358;1179.7585731022043;inf;204308.76081509143;7450.0126953125;0.0;0.0;9.81335163116455;4.361532745481915e-06
1176.5610167178395;1174.2905220219495;inf;205504.4645608404;7450.0126953125;0.0;0.0;9.81335163116455;4.381106290290674e-06
1171.0508105756635;1168.8393871883375;inf;206694.52685751906;7450.0126953125;0.0;0.0;9.81335163116455;4.3817758606123254e-06
1165.557016237602;1163.4050225164278;inf;207878.96430501284;7450.0126953125;0.0;0.0;9.81335163116455;4.361846987440941e-06
1160.0794876349134;1157.9872836869943;inf;209057.79335629148;7450.0126953125;0.0;0.0;9.81335163116455;4.35149055028932e-06
1154.6180803706475;1152.5860281113412;inf;210231.03031011822;7450.0126953125;0.0;0.0;9.81335163116455;4.36118376053083e-06
1149.1721528090025;1147.2006205789257;inf;211398.69112012873;7450.0107421875;0.0;0.0;9.81335163116455;4.362838103364563e-06
1143.7422623268153;1141.8316139524798;inf;212560.79138482548;7450.009765625;0.0;0.0;9.81335163116455;4.351530387152618e-06
1138.328368703602;1136.4789690327646;inf;213717.3475684363;7450.009765625;0.0;0.0;9.81335163116455;4.347637507768761e-06
1132.9300348525492;1131.1422534138057;inf;214868.37539446237;7450.009765625;0.0;0.0;9.81335163116455;4.347093496960459e-06
1127.5471242455937;1125.8213325890342;inf;216013.89044269652;7450.009765625;0.0;0.0;9.81335163116455;4.344300934663527e-06
1122.1795020170714;1120.5160737324495;inf;217153.90815014904;7450.009765625;0.0;0.0;9.81335163116455;4.339138521152692e-06
1096.189180224908;1094.8356537504358;inf;222641.20174481056;7450.009765625;0.0;0.0;9.81335163116455;4.338631898128204e-06
1044.1126387652762;1043.4217230835527;inf;233460.80381826905;7450.009765625;0.0;0.0;9.81335163116455;4.338631898128204e-06
993.2746696839004;993.2888378766114;inf;243773.47894480964;7450.009765625;0.0;0.0;9.81335163116455;4.338631898128203e-06
943.6642003399062;944.427945248677;inf;253571.8458799756;7450.009765625;0.0;0.0;9.81335163116455;4.338631898128206e-06
895.1848055962295;896.746508159043;inf;262867.6296616697;7450.009765625;0.0;0.0;9.81335163116455;4.338631898128203e-06
847.7495398465193;850.1623188344342;inf;271671.58699354134;7450.009765625;0.0;0.0;9.81335163116455;4.338631898128202e-06
801.2799815082673;804.6027373533848;inf;279993.5900312455;7450.009765625;0.0;0.0;9.81335163116455;4.338631898128205e-06
755.7054933469324;760.004203117741;inf;287842.69964178395;7450.009765625;0.0;0.0;9.81335163116455;4.338631898128203e-06
710.9626916633703;716.3120317349711;inf;295227.229552021;7450.009765625;0.0;0.0;9.81335163116455;4.338631898128202e-06
666.9951326303366;673.4805326520727;inf;302154.8027859172;7450.009765625;0.0;0.0;9.81335163116455;4.338631898128204e-06
624.5944303588218;632.2894371833713;inf;308509.67312871525;7450.009765625;0.0;0.0;9.81335163116455;4.338631898128204e-06
582.0227069847299;591.0657142566134;inf;314552.3215876685;7450.009765625;0.0;0.0;9.81335163116455;4.338631898128204e-06
540.100050935218;550.6273835180191;inf;320157.0967186054;7450.009765625;0.0;0.0;9.81335163116455;4.338631898128203e-06
498.80047028203086;510.9753740447336;inf;325329.30971183116;7450.009765625;0.0;0.0;9.81335163116455;4.338631898128203e-06
458.1089055331302;472.12927957576875;inf;330073.77653809404;7450.009765625;0.0;0.0;9.81335163116455;4.338631898128204e-06
418.02458896051354;434.1333362733586;inf;334394.84450041025;7450.009765625;0.0;0.0;9.81335163116455;4.338631898128204e-06
378.5665922910378;397.06549327977353;inf;338296.41548328055;7450.009765625;0.0;0.0;9.81335163116455;4.338631898128204e-06
339.7831294179901;361.05126734352626;inf;341781.9664289255;7450.009765625;0.0;0.0;9.81335163116455;4.338631898128204e-06
301.7675777312687;326.28503726613934;inf;344854.56708220777;7450.009765625;0.0;0.0;9.81335163116455;4.338631898128203e-06
264.68703626661335;293.062772156471;inf;347516.8953960993;7450.009765625;0.0;0.0;9.81335163116455;4.338631898128205e-06
236.4098646709233;268.3415218211644;inf;349321.39342406543;7450.009765625;0.0;0.0;9.81335163116455;4.338631898128204e-06
231.52160126425426;264.13430205339785;inf;349613.33464302565;7450.009765625;0.0;0.0;9.81335163116455;3.460943872045982e-06
228.00810052068286;261.12384878601557;inf;349819.5115503516;7450.009765625;0.0;0.0;9.81335163116455;3.488870739691387e-06
224.51193167574874;258.13992767904307;inf;350021.6287550755;7450.009765625;0.0;0.0;9.81335163116455;3.5189571510755996e-06
221.03379390990835;255.1833624506529;inf;350219.68798112345;7450.009765625;0.0;0.0;9.81335163116455;3.551483966934478e-06
217.57442937234146;252.25500896928395;inf;350413.6909173961;7450.009765625;0.0;0.0;9.81335163116455;3.58709281914576e-06
214.13462616978003;249.3557563560305;inf;350603.63921665086;7450.009765625;0.0;0.0;9.81335163116455;3.6259438262749505e-06
210.71522122552133;246.4865277363256;inf;350789.5344980018;7450.009765625;0.0;0.0;9.81335163116455;3.6678141346498556e-06
207.31710363847574;243.64828124771407;inf;350971.37834149227;7450.009765625;0.0;0.0;9.81335163116455;3.7127982522772058e-06
203.941218093395;240.842010840971;inf;351149.1722946374;7450.009765625;0.0;0.0;9.81335163116455;3.7613103964813315e-06
200.91620294404822;238.33914680307115;inf;351306.0629424964;7450.009765625;0.0;0.0;9.81335163116455;3.8082957777940793e-06
197.5854248041058;235.59656898559794;inf;351476.15830686036;7450.009765625;0.0;0.0;9.81335163116455;3.863981813673475e-06
194.27996986057843;232.88906187803607;inf;351642.2080696828;7450.009765625;0.0;0.0;9.81335163116455;3.9234931852596e-06
191.00103694664662;230.2177664907317;inf;351804.21364012046;7450.009765625;0.0;0.0;9.81335163116455;3.987085332562061e-06
187.7499006880592;227.58386288117475;inf;351962.1763932216;7450.009765625;0.0;0.0;9.81335163116455;4.055008185236972e-06
184.52791655195628;224.9885707112606;inf;352116.0976692821;7450.009765625;0.0;0.0;9.81335163116455;4.127380751350353e-06
181.3365256565769;222.4331492833063;inf;352265.97877294954;7450.009765625;0.0;0.0;9.81335163116455;4.204295739186113e-06
178.17726025598049;219.9188978151326;inf;352411.82097184006;7450.009765625;0.0;0.0;9.81335163116455;4.285934048891167e-06
175.0517492442632;217.44715523695845;inf;352553.62550338183;7450.009765625;0.0;0.0;9.81335163116455;4.372490699684932e-06
171.9617239356148;215.01929994164075;inf;352691.39356617094;7450.009765625;0.0;0.0;9.81335163116455;4.464110978856682e-06
168.90902385734893;212.63674923399304;inf;352825.1263240711;7450.009765625;0.0;0.0;9.81335163116455;4.560898928470548e-06
165.89560304759445;210.300958644558;inf;352954.82491097716;7450.009765625;0.0;0.0;9.81335163116455;4.662993932981706e-06
162.92353584924842;208.01342084689657;inf;353080.49042141344;7450.009765625;0.0;0.0;9.81335163116455;4.770534896254676e-06
159.99502319846783;205.7756642421064;inf;353202.12391830026;7450.009765625;0.0;0.0;9.81335163116455;4.8836236709898484e-06
157.1123984698404;203.58925135860557;inf;353319.7264276416;7450.009765625;0.0;0.0;9.81335163116455;5.002348737227292e-06
154.27813352185916;201.45577680749886;inf;353433.2989435368;7450.009765625;0.0;0.0;9.81335163116455;5.126784129265239e-06
151.49484385418197;199.37686479014965;inf;353542.84242324415;7450.009765625;0.0;0.0;9.81335163116455;5.256982964110634e-06
148.76529378751212;197.3541664528435;inf;353648.3577912027;7450.009765625;0.0;0.0;9.81335163116455;5.392967146359719e-06
146.1442463983547;195.42731495229177;inf;353747.8946780545;7450.009765625;0.0;0.0;9.81335163116455;5.531905663722362e-06
143.52988176741604;193.52090293318065;inf;353845.43539951777;7450.009765625;0.0;0.0;9.81335163116455;5.679317263253665e-06
140.9784144439505;191.6757501338973;inf;353938.95056039887;7450.009765625;0.0;0.0;9.81335163116455;5.832407682857158e-06
138.49323216712187;189.89357749300365;inf;354028.44095097424;7450.009765625;0.0;0.0;9.81335163116455;5.991054406543773e-06
136.1245458849332;188.20915480106683;inf;354112.2701839184;7450.009765625;0.0;0.0;9.81335163116455;6.1518279477695235e-06
133.78124633701293;186.5568042797403;inf;354193.79213814565;7450.009765625;0.0;0.0;9.81335163116455;6.320942663327101e-06
131.51524854673502;184.97257581028882;inf;354271.29146630806;7450.009765625;0.0;0.0;9.81335163116455;6.494957172107795e-06
129.33053734068295;183.45817875383491;inf;354344.7688203453;7450.009765625;0.0;0.0;9.81335163116455;6.673533490633477e-06
127.23122464113085;182.0153031589317;inf;354414.22482059756;7450.009765625;0.0;0.0;9.81335163116455;6.856244065175778e-06
125.22153297375978;180.64561246780326;inf;354479.6600502882;7450.009765625;0.0;0.0;9.81335163116455;7.042607041332544e-06
123.30577515515064;179.3507355503239;inf;354541.0750584521;7450.009765625;0.0;0.0;9.81335163116455;7.232063122370365e-06
121.48832897826745;178.1322587893437;inf;354598.470361192;7450.009765625;0.0;0.0;9.81335163116455;7.423961850951705e-06
119.77360731879307;176.99171760925904;inf;354651.8464422914;7450.009765625;0.0;0.0;9.81335163116455;7.617564620469527e-06
118.16602317799983;175.93058807446056;inf;354701.20374869823;7450.009765625;0.0;0.0;9.81335163116455;7.812079566318734e-06
145.2653686824472;145.4490189503021;inf;354746.2626485145;7375.80029296875;240000.0;310.0;9.81335163116455;8.47285923296042e-06
176.44995290600605;112.3190046948087;inf;354786.6637261773;7295.27587890625;240000.0;310.0;9.81335163116455;8.905474861049439e-06
208.7779000793876;79.30296175440985;inf;354822.41546651383;7214.75146484375;240000.0;310.0;9.81335163116455;9.180930639882037e-06
241.9542775088931;47.434366490761285;inf;354853.5319818377;7134.2265625;240000.0;310.0;9.81335163116455;9.367747125046319e-06
275.8219351045884;24.003858990168705;inf;354880.0314275194;7053.7021484375;240000.0;310.0;9.81335163116455;9.50089756311821e-06
310.2924111342491;36.71711313835963;inf;354901.93572704145;6973.17724609375;240000.0;310.0;9.81335163116455;9.59965084704841e-06
345.31431599464617;68.1911272424172;inf;354919.2708174313;6892.65234375;240000.0;310.0;9.81335163116455;9.675320271119837e-06
380.8575745040362;102.80840463074011;inf;354932.06722536695;6812.1279296875;240000.0;310.0;9.81335163116455;9.734819550165317e-06
416.90509199841875;138.55783927918137;inf;354940.3602139449;6731.60302734375;240000.0;310.0;9.81335163116455;9.78256815132875e-06
453.44811709862597;175.0190443277391;inf;354944.189606825;6651.07861328125;240000.0;310.0;9.81335163116455;9.821565205568634e-06
489.7525949220824;211.32862307098117;inf;354943.6536601627;6572.1328125;240000.0;310.0;9.81335163116455;9.853351514264757e-06
527.2714505768201;248.89000387748862;inf;354938.7798342275;6491.6083984375;240000.0;310.0;9.81335163116455;9.880648266272404e-06
565.2870141934868;286.96352433645825;inf;354929.59077527444;6411.08349609375;240000.0;310.0;9.81335163116455;9.903812842412153e-06
603.8050900725901;325.54430441527603;inf;354916.14703142736;6330.55908203125;240000.0;310.0;9.81335163116455;9.923647669432239e-06
642.8332205102895;364.6346345962909;inf;354898.51475498243;6250.0341796875;240000.0;310.0;9.81335163116455;9.940783283293171e-06
682.3803621483867;404.2408914812163;inf;354876.76609768404;6169.509765625;240000.0;310.0;9.81335163116455;9.955705418134229e-06
722.4566852126454;444.37204559732027;inf;354850.97958350333;6088.98486328125;240000.0;310.0;9.81335163116455;9.968766711364302e-06
763.0734561618573;485.03890266594726;inf;354821.24026361154;6008.4599609375;240000.0;310.0;9.81335163116455;9.980244388501323e-06
804.2429045309034;526.2536262250818;inf;354787.6398535109;5927.935546875;240000.0;310.0;9.81335163116455;9.990383879246749e-06
845.978191872797;568.029517607418;inf;354750.27711644466;5847.41064453125;240000.0;310.0;9.81335163116455;9.999392452150664e-06
888.293351493404;610.380856260778;inf;354709.25832566514;5766.88623046875;240000.0;310.0;9.81335163116455;1.0007409695592951e-05
931.2032863304028;653.3228455507938;inf;354664.6974547821;5686.361328125;240000.0;310.0;9.81335163116455;1.0014556184125073e-05
973.8644446101059;696.0117292678995;inf;354617.6892982101;5607.41552734375;240000.0;310.0;9.81335163116455;1.0020836565281252e-05
1017.9996315476905;740.1717266380707;inf;354566.4817332842;5526.89111328125;240000.0;310.0;9.81335163116455;1.0026596035823396e-05
1062.7791529978497;784.9728513814454;inf;354512.1209810142;5446.3662109375;240000.0;310.0;9.81335163116455;1.0031765280936545e-05
1107.3239213829022;829.5359627066426;inf;354455.9081607602;5367.42041015625;240000.0;310.0;9.81335163116455;1.0036316870255319e-05
1153.4347772463555;875.6628971076018;inf;354395.75002058083;5286.8955078125;240000.0;310.0;9.81335163116455;1.0040499411788107e-05
1200.2477180845533;922.4895022810507;inf;354332.90969555895;5206.37109375;240000.0;310.0;9.81335163116455;1.0044264996900712e-05
1247.7840960480853;970.0373571304729;inf;354267.56572563073;5125.84619140625;240000.0;310.0;9.81335163116455;1.0047649858036485e-05
1296.0663896127135;1018.3291504913109;inf;354199.90774331323;5045.32177734375;240000.0;310.0;9.81335163116455;1.0050692930861985e-05
1344.1488579490333;1066.4191990716008;inf;354131.524027143;4966.3759765625;240000.0;310.0;9.81335163116455;1.005338153342295e-05
1393.9792034197053;1116.2556813816311;inf;354059.8892338057;4885.85107421875;240000.0;310.0;9.81335163116455;1.0055845582403282e-05
1444.6294943244732;1166.910661188714;inf;353986.5772964882;4805.32666015625;240000.0;310.0;9.81335163116455;1.0058048357850489e-05
1495.109106983629;1217.393612523596;inf;353913.30593332916;4726.380859375;240000.0;310.0;9.81335163116455;1.0059977259598308e-05
1547.4656458330326;1269.752409894796;inf;353837.3940662468;4645.85595703125;240000.0;310.0;9.81335163116455;1.0061748414498502e-05
1600.7283209595532;1323.0163112948164;inf;353760.56288141105;4565.33154296875;240000.0;310.0;9.81335163116455;1.0063329209108994e-05
1654.9292350051421;1377.2175403992424;inf;353683.09750392346;4484.806640625;240000.0;310.0;9.81335163116455;1.0064726144918164e-05
1710.1022391948904;1432.390060052037;inf;353605.2998739118;4404.2822265625;240000.0;310.0;9.81335163116455;1.0065980818690463e-05
1766.2830578804103;1488.5696946312491;inf;353527.4901345179;4323.75732421875;240000.0;310.0;9.81335163116455;1.0067133160340387e-05
1823.509421653565;1545.7942645573166;inf;353450.0082972875;4243.23291015625;240000.0;310.0;9.81335163116455;1.006822934699586e-05
1881.8211586414104;1604.103673739506;inf;353373.2163722494;4162.7080078125;240000.0;310.0;9.81335163116455;1.0069421721062253e-05
1905.0848913876357;1627.3796758261826;inf;353298.7233644036;4131.1298828125;0.0;310.0;9.81335163116455;1.0074314554407212e-05
1905.2398768180212;1627.5573230787363;inf;353222.74765228084;4131.1298828125;0.0;310.0;9.81335163116455;1.008066524096154e-05
1905.3950536277357;1627.7351856557077;inf;353146.6840560462;4131.1298828125;0.0;310.0;9.81335163116455;1.0085067608688543e-05
1905.5504213031784;1627.913262945877;inf;353070.5328765197;4131.1298828125;0.0;310.0;9.81335163116455;1.0090142970325023e-05
1905.705979210813;1628.0915542192831;inf;352994.2944154652;4131.1298828125;0.0;310.0;9.81335163116455;1.0096509945392975e-05
1905.861726773494;1628.2700588011287;inf;352917.9689761606;4131.1298828125;0.0;310.0;9.81335163116455;1.0102185435714665e-05
1906.0176634714564;1628.4487760738957;inf;352841.55686250643;4131.1298828125;0.0;310.0;9.81335163116455;1.0106913536633402e-05
1906.1737886874962;1628.627705323089;inf;352765.05837681866;4131.1298828125;0.0;310.0;9.81335163116455;1.011217135245101e-05
1906.3301018927657;1628.8068459216988;inf;352688.47382498614;4131.1298828125;0.0;310.0;9.81335163116455;1.0117999512729727e-05
1906.4866024787432;1628.986197164147;inf;352611.8035096221;4131.1298828125;0.0;310.0;9.81335163116455;1.0123314403549756e-05
1906.6432898616424;1629.1657583682888;inf;352535.0477379371;4131.1298828125;0.0;310.0;9.81335163116455;1.0128190000497125e-05
1907.7043082464472;1630.2490349891305;inf;352458.37457669934;551.0;0.0;0.0;9.81335163116455;0.0
1907.861187599924;1630.4287935156929;inf;352381.50045093277;551.0;0.0;0.0;9.81335163116455;0.0
1908.0182442419723;1630.6087510627171;inf;352304.5455629572;551.0;0.0;0.0;9.81335163116455;0.0
1908.175477551523;1630.7889069109624;inf;352227.5102205586;551.0;0.0;0.0;9.81335163116455;0.0
1908.332886945416;1630.9692603796016;inf;352150.394732028;551.0;0.0;0.0;9.81335163116455;0.0
1908.4904718110845;1631.1498107575635;inf;352073.19940626714;551.0;0.0;0.0;9.81335163116455;0.0
1908.648231591083;1631.330557388766;inf;351995.92455238756;551.0;0.0;0.0;9.81335163116455;0.0
1908.8061656827028;1631.51149957198;inf;351918.5704802732;551.0;0.0;0.0;9.81335163116455;0.0
1908.9642735033356;1631.6926366262032;inf;351841.1375000243;551.0;0.0;0.0;9.81335163116455;0.0
1909.1225544983502;1631.8739678979027;inf;351763.6259223445;551.0;0.0;0.0;9.81335163116455;0.0
1909.2810079952658;1632.0554926163807;inf;351686.0360581074;551.0;0.0;0.0;9.81335163116455;0.0
1909.43963344624;1632.2372101338192;inf;351608.3682190587;551.0;0.0;0.0;9.81335163116455;0.0
1909.5984302741322;1632.4191197744542;inf;351530.62271736714;551.0;0.0;0.0;9.81335163116455;0.0
1909.7573978271923;1632.6012207877907;inf;351452.7998654557;551.0;0.0;0.0;9.81335163116455;0.0
1909.9165355280472;1632.7835124969324;inf;351374.89997626306;551.0;0.0;0.0;9.81335163116455;0.0
1910.0758428019458;1632.9659942275389;inf;351296.9233635892;551.0;0.0;0.0;9.81335163116455;0.0
1910.2353190138695;1633.1486652452033;inf;351218.8703411089;551.0;0.0;0.0;9.81335163116455;0.0
1910.394963579951;1633.331524866679;inf;351140.74122309405;551.0;0.0;0.0;9.81335163116455;0.0
1910.5547759307676;1633.5145724227839;inf;351062.5363248115;551.0;0.0;0.0;9.81335163116455;0.0
1910.714755412338;1633.697807159753;inf;350984.2559612801;551.0;0.0;0.0;9.81335163116455;0.0
1910.8749014200112;1633.8812283732639;inf;350905.900448291;551.0;0.0;0.0;9.81335163116455;0.0
1911.035213353917;1634.0648353635283;inf;350827.4701023323;551.0;0.0;0.0;9.81335163116455;0.0
1911.1956906110638;1634.248627427299;inf;350748.96523987874;551.0;0.0;0.0;9.81335163116455;0.0
1911.3563325854973;1634.4326038583906;inf;350670.3861782915;551.0;0.0;0.0;9.81335163116455;0.0
